3 0.44116666666666665 0.44654166666666667 0.06322916666666667 0.0624375
3 0.6865208333333332 0.4257916666666667 0.06464583333333333 0.06164583333333333
3 0.5634791666666668 0.3025 0.06452083333333333 0.06439583333333333
9 0.32689583333333333 0.7085 0.059958333333333336 0.06041666666666667
3 0.19483333333333333 0.30541666666666667 0.06658333333333334 0.06695833333333333
3 0.3171458333333333 0.29491666666666666 0.06560416666666666 0.06683333333333333
0 0.44727083333333334 0.16722916666666665 0.0706875 0.08197916666666667
9 0.5717708333333333 0.6899375 0.06310416666666667 0.06177083333333333
9 0.44825 0.5717708333333333 0.06439583333333333 0.060770833333333336
8 0.8154375 0.4545833333333333 0.07531249999999999 0.07385416666666668
6 0.43822916666666667 0.6831041666666666 0.07160416666666666 0.07147916666666668
9 0.19483333333333333 0.703125 0.06020833333333333 0.057791666666666665
10 0.9536041666666667 0.807125 0.09058333333333332 0.08416666666666667
3 0.0655 0.45116666666666666 0.06695833333333333 0.06572916666666667
1 0.8291041666666668 0.18433333333333335 0.08587499999999999 0.09754166666666667
3 0.8222708333333333 0.5913125 0.058229166666666665 0.05697916666666667
9 0.08477083333333332 0.57275 0.0613125 0.060083333333333336
9 0.8042083333333333 0.703125 0.06427083333333333 0.059666666666666666
4 0.5542083333333333 0.04958333333333333 0.08208333333333333 0.09845833333333333
9 0.7085 0.567375 0.06222916666666667 0.0623125
7 0.2006875 0.8159166666666666 0.07977083333333333 0.07945833333333334
2 0.9573125 0.45337500000000003 0.08539583333333334 0.07860416666666666