9 0.06952083333333332 0.80225 0.083 0.06525
9 0.18689583333333332 0.8066458333333333 0.0805 0.0680625
9 0.29810416666666667 0.7802708333333332 0.07341666666666667 0.06464583333333333
9 0.42772916666666666 0.8168958333333334 0.08008333333333333 0.06164583333333333
9 0.6894583333333333 0.7910208333333333 0.07135416666666666 0.06439583333333333
9 0.9292083333333333 0.7978541666666668 0.06731250000000001 0.06041666666666667
9 0.8090833333333334 0.7871041666666667 0.0706875 0.06164583333333333
8 0.6894583333333333 0.6865208333333332 0.08008333333333333 0.07410416666666667
6 0.307625 0.5600625 0.090875 0.0700625
9 0.5581041666666666 0.5556666666666668 0.07433333333333333 0.06475
3 0.5390625 0.4506875 0.07195833333333333 0.06041666666666667
2 0.2915 0.30664583333333334 0.09435416666666667 0.07354166666666666
3 0.18554166666666666 0.1691875 0.08208333333333333 0.06572916666666667
3 0.0623125 0.16699999999999998 0.08802083333333334 0.06891666666666667
3 0.3171458333333333 0.16710416666666666 0.0833125 0.06610416666666667
3 0.4475 0.1643125 0.07708333333333334 0.06347916666666667
3 0.6836041666666667 0.17541666666666667 0.07354166666666666 0.06420833333333334
3 0.8046875 0.1857916666666667 0.0679375 0.06189583333333334
3 0.9140625 0.17627083333333332 0.06708333333333334 0.06464583333333333
5 0.9331041666666666 0.0679375 0.08404166666666667 0.08020833333333334
5 0.050145833333333334 0.05358333333333333 0.10027083333333334 0.0805
0 0.32325 0.043708333333333335 0.09754166666666667 0.080625
1 0.5418333333333333 0.0468125 0.1203125 0.08979166666666667
4 0.45337500000000003 0.04858333333333333 0.12189583333333333 0.09058333333333332
0 0.6953125 0.0533125 0.08929166666666667 0.08464583333333334
11 0.9179791666666667 0.9223541666666667 0.07806249999999999 0.06720833333333333
11 0.066625 0.9135833333333333 0.10125 0.07464583333333333
8 0.18445833333333334 0.92675 0.09302083333333333 0.0754375
6 0.29735416666666664 0.9340833333333334 0.09754166666666667 0.07195833333333333
10 0.39795833333333336 0.9340833333333334 0.11737500000000001 0.07477083333333333
7 0.5664166666666667 0.9316458333333333 0.10760416666666667 0.07806249999999999
2 0.8256875 0.057583333333333334 0.07806249999999999 0.0861875