9 0.5548541666666666 0.4423541666666667 0.10972916666666667 0.07639583333333334
0 0.79625 0.3122916666666667 0.09047916666666667 0.06383333333333334
0 0.6904375 0.19043749999999998 0.091375 0.0706875
0 0.05654166666666667 0.18762500000000001 0.10210416666666666 0.06983333333333334
0 0.5620208333333333 0.177 0.09808333333333333 0.0701875
9 0.6796875 0.817375 0.091375 0.06879166666666667
9 0.04639583333333333 0.80175 0.09252083333333333 0.06464583333333333
9 0.7983333333333333 0.8061458333333333 0.090875 0.06464583333333333
8 0.5336875 0.7089791666666667 0.1345208333333333 0.08122916666666667
0 0.6440416666666666 0.065375 0.11877083333333333 0.0888125
11 0.166875 0.07366666666666667 0.13208333333333333 0.09008333333333333
5 0.051062500000000004 0.567875 0.0993125 0.072875
7 0.8168958333333334 0.9394583333333333 0.14806249999999999 0.08477083333333332
1 0.786625 0.05602083333333333 0.15147916666666666 0.11066666666666666
3 0.9326458333333334 0.18958333333333333 0.09860416666666666 0.07639583333333334
9 0.9277708333333333 0.8173541666666666 0.0944375 0.0625