3 0.6875 0.17908333333333332 0.07208333333333333 0.06360416666666667
0 0.8266666666666667 0.5429791666666667 0.07977083333333333 0.07385416666666668
3 0.8344791666666667 0.16722916666666665 0.06866666666666667 0.0626875
3 0.0703125 0.18712499999999999 0.0833125 0.06347916666666667
3 0.317625 0.18152083333333333 0.08227083333333333 0.06464583333333333
11 0.9497083333333334 0.9360416666666667 0.07597916666666667 0.07489583333333334
0 0.6948333333333333 0.043854166666666666 0.08404166666666667 0.0699375
3 0.17675000000000002 0.18262499999999998 0.08020833333333334 0.06383333333333334
2 0.7041041666666668 0.2944375 0.08008333333333333 0.07195833333333333
9 0.8115208333333332 0.8086041666666667 0.065125 0.06041666666666667
3 0.94775 0.166875 0.0680625 0.06408333333333334
2 0.3146875 0.3078541666666667 0.08416666666666667 0.0680625
9 0.5805625 0.4418958333333334 0.07531249999999999 0.06452083333333333
5 0.07739583333333333 0.0548125 0.09741666666666667 0.0730625
8 0.6953125 0.6836041666666667 0.09235416666666667 0.07433333333333333
1 0.5444375 0.04510416666666666 0.10108333333333334 0.07629166666666666
7 0.5561458333333333 0.9438541666666667 0.10595833333333333 0.09368749999999999
9 0.5742291666666667 0.5634791666666668 0.07079166666666666 0.0623125
9 0.0558125 0.807625 0.083 0.06475
11 0.051354166666666666 0.942875 0.09656250000000001 0.0856875
6 0.3149375 0.55225 0.08947916666666668 0.07079166666666666
5 0.9585 0.04639583333333333 0.07654166666666667 0.07091666666666667
9 0.6850625 0.8002916666666666 0.07135416666666666 0.06475
9 0.9448333333333333 0.8090833333333334 0.06464583333333333 0.0614375
9 0.19054166666666666 0.8081041666666666 0.080375 0.0675625
6 0.3061458333333333 0.9399375 0.0856875 0.07464583333333333
8 0.31616666666666665 0.6899375 0.09845833333333333 0.07160416666666666
10 0.43335416666666665 0.9545833333333333 0.10722916666666667 0.08897916666666666