0 0.30420833333333336 0.43724999999999997 0.0915625 0.07079166666666666
3 0.8335 0.16699999999999998 0.0676875 0.0614375
6 0.7226666666666667 0.5483333333333333 0.07904166666666666 0.07239583333333334
1 0.2873541666666667 0.05633333333333333 0.112 0.07720833333333334
9 0.5800833333333333 0.4396875 0.07610416666666667 0.0628125
9 0.6831041666666666 0.8002916666666666 0.06939583333333334 0.06293750000000001
9 0.05389583333333334 0.8066458333333333 0.08179166666666667 0.06464583333333333
3 0.30883333333333335 0.16979166666666667 0.08020833333333334 0.0623125
3 0.6865208333333332 0.17835416666666667 0.06939583333333334 0.06164583333333333
3 0.9467708333333333 0.16589583333333333 0.0676875 0.06304166666666668
9 0.942375 0.8095625 0.065 0.060520833333333336
3 0.0705625 0.18652083333333333 0.08270833333333334 0.06293750000000001
0 0.17652083333333335 0.182125 0.07964583333333333 0.0624375
7 0.8461875 0.9350625 0.0993125 0.09754166666666667
0 0.34179166666666666 0.306875 0.090875 0.07208333333333333
9 0.32764583333333336 0.6894583333333333 0.07904166666666666 0.06464583333333333
5 0.4406666666666667 0.057374999999999995 0.0915625 0.07331249999999999
9 0.8095625 0.807125 0.0655 0.06085416666666667
8 0.6938541666666667 0.6831041666666666 0.09172916666666667 0.07354166666666666
11 0.44604166666666667 0.9462916666666668 0.08710416666666668 0.07764583333333334
5 0.6938541666666667 0.030270833333333334 0.08929166666666667 0.059875
11 0.7119166666666668 0.9409166666666666 0.0810625 0.0778125