3 0.17174999999999999 0.18445833333333334 0.07825 0.06304166666666668
0 0.30664583333333334 0.43383333333333335 0.09368749999999999 0.072875
3 0.30516666666666664 0.17310416666666667 0.07935416666666667 0.06293750000000001
3 0.817875 0.43335416666666665 0.06927083333333334 0.06360416666666667
5 0.567875 0.0456875 0.0861875 0.07160416666666666
3 0.050499999999999996 0.4157708333333333 0.0810625 0.06335416666666667
1 0.2834375 0.059875 0.11010416666666667 0.07720833333333334
9 0.6792083333333333 0.8012708333333334 0.06841666666666667 0.06452083333333333
9 0.05072916666666667 0.8086041666666667 0.08154166666666667 0.06360416666666667
9 0.31616666666666665 0.5600625 0.07825 0.06439583333333333
7 0.8212916666666668 0.9130833333333332 0.09966666666666667 0.08929166666666667
3 0.9565416666666666 0.40429166666666666 0.06439583333333333 0.06322916666666667
11 0.44897916666666665 0.8037083333333332 0.08179166666666667 0.07354166666666666
9 0.8061458333333333 0.8100625 0.06475 0.060520833333333336
9 0.9433541666666667 0.667 0.065125 0.06177083333333333
9 0.5664166666666667 0.18895833333333334 0.07195833333333333 0.06085416666666667
0 0.4348125 0.9292083333333333 0.091375 0.080375
6 0.7055625 0.29662499999999997 0.08239583333333332 0.0679375
8 0.9350625 0.2890625 0.08122916666666667 0.06854166666666667