3 0.057645833333333334 0.18889583333333335 0.10972916666666667 0.07777083333333333
3 0.5620208333333333 0.1794375 0.09704166666666666 0.06866666666666667
3 0.9311458333333333 0.18933333333333333 0.08929166666666667 0.0699375
3 0.7973541666666667 0.3125 0.08587499999999999 0.06335416666666667
5 0.16358333333333333 0.04125 0.12891666666666668 0.08247916666666667
0 0.7880833333333332 0.18420833333333334 0.11297916666666666 0.08135416666666666
3 0.6914166666666667 0.18958333333333333 0.09283333333333334 0.06927083333333334
5 0.6723541666666667 0.050145833333333334 0.12335416666666667 0.09504166666666666
1 0.7876041666666667 0.05677083333333333 0.14635416666666667 0.10931249999999999
9 0.5581041666666666 0.4414166666666667 0.09368749999999999 0.06572916666666667
11 0.5302708333333334 0.713875 0.12695833333333334 0.07227083333333333
9 0.04708333333333334 0.8012708333333334 0.0910625 0.06304166666666668
6 0.40672916666666664 0.5674583333333333 0.12420833333333332 0.07354166666666666
9 0.7983333333333333 0.8051666666666667 0.08739583333333334 0.06310416666666667
11 0.16735416666666666 0.9506875 0.13208333333333333 0.07122916666666666
9 0.6839375000000001 0.8193333333333332 0.09283333333333334 0.06610416666666667
9 0.9316458333333333 0.8154375 0.08587499999999999 0.06064583333333333
8 0.4109583333333333 0.8110416666666667 0.13375 0.07354166666666666
2 0.2780833333333333 0.5590833333333334 0.13 0.07331249999999999
7 0.8152291666666667 0.9394583333333333 0.14333333333333334 0.08385416666666666