9 0.2951666666666667 0.7075208333333334 0.08020833333333334 0.06420833333333334
3 0.18152083333333333 0.17174999999999999 0.08270833333333334 0.06683333333333333
2 0.286875 0.3093333333333333 0.09172916666666667 0.07160416666666666
9 0.31445833333333334 0.7719791666666667 0.07964583333333333 0.0623125
9 0.4311458333333333 0.7119166666666668 0.07147916666666668 0.05697916666666667
3 0.31275000000000003 0.16991666666666666 0.080625 0.06720833333333333
3 0.8037083333333332 0.18872916666666667 0.0675625 0.06020833333333333
3 0.057708333333333334 0.17054166666666667 0.08539583333333334 0.06585416666666667
5 0.04877083333333333 0.05602083333333333 0.09722916666666667 0.08179166666666667
9 0.06525 0.708 0.08710416666666668 0.06597916666666667
9 0.6875 0.7924791666666666 0.06841666666666667 0.06335416666666667
3 0.9384791666666668 0.32689583333333333 0.06816666666666667 0.06256250000000001
1 0.7910208333333333 0.058229166666666665 0.1014375 0.09485416666666667
0 0.42285416666666664 0.43335416666666665 0.07860416666666666 0.065125
5 0.9213958333333333 0.6831041666666666 0.07945833333333334 0.0680625
11 0.06475 0.9174791666666666 0.10541666666666667 0.07806249999999999
0 0.536625 0.45337500000000003 0.06964583333333334 0.0623125
7 0.7983333333333333 0.8217708333333333 0.09320833333333334 0.07695833333333332
11 0.5747083333333334 0.9360416666666667 0.09185416666666667 0.06952083333333332
6 0.166375 0.7880833333333332 0.09589583333333333 0.06983333333333334