9 0.31202083333333336 0.8154375 0.08122916666666667 0.06964583333333334
10 0.682125 0.6679791666666667 0.10210416666666666 0.09235416666666667
9 0.17579166666666665 0.81875 0.0808125 0.0738125
9 0.9509166666666666 0.8086249999999999 0.0763125 0.06933333333333333
3 0.307625 0.18370833333333333 0.07654166666666667 0.06731250000000001
3 0.9355416666666667 0.32787499999999997 0.0678125 0.06256250000000001
9 0.08020833333333334 0.828125 0.08710416666666668 0.0700625
7 0.8359375 0.9643541666666666 0.09514583333333333 0.07122916666666666
4 0.5712916666666668 0.3242291666666667 0.10247916666666666 0.075875
9 0.8051666666666667 0.8217708333333333 0.06572916666666667 0.06322916666666667
3 0.8081041666666666 0.17004166666666667 0.0704375 0.06475
8 0.306875 0.6733333333333333 0.10070833333333334 0.09027083333333333
9 0.6918958333333334 0.8183541666666667 0.0805 0.0700625
3 0.18152083333333333 0.1796875 0.07654166666666667 0.05835416666666667
11 0.5737291666666666 0.9487291666666666 0.09418750000000001 0.0910625
2 0.80175 0.4392083333333333 0.08208333333333333 0.06952083333333332
6 0.4366875 0.5805625 0.08910416666666668 0.06708333333333334
3 0.06464583333333333 0.17516666666666666 0.08020833333333334 0.072625
0 0.28168750000000004 0.4513125 0.08641666666666666 0.07447916666666667
11 0.05260416666666667 0.9567291666666667 0.09789583333333333 0.07677083333333333
8 0.5625 0.4313958333333333 0.10633333333333334 0.08375