7 0.8305625 0.9619166666666668 0.0966875 0.072875
8 0.307125 0.6708958333333332 0.10375 0.08435416666666667
6 0.29272916666666665 0.9145416666666667 0.09204166666666666 0.07935416666666667
5 0.42845833333333333 0.05864583333333333 0.09618750000000001 0.07354166666666666
9 0.8042083333333333 0.8193333333333332 0.0623125 0.06222916666666667
9 0.6938541666666667 0.8139583333333333 0.07477083333333333 0.06983333333333334
9 0.9536041666666667 0.80175 0.07354166666666666 0.07410416666666667
1 0.2841875 0.058229166666666665 0.1175625 0.07891666666666668
9 0.07597916666666667 0.8266666666666667 0.08020833333333334 0.06372916666666667
5 0.9497083333333334 0.04708333333333334 0.08447916666666666 0.07160416666666666
3 0.8081041666666666 0.16883333333333334 0.07135416666666666 0.06610416666666667
11 0.5766666666666667 0.94775 0.09222916666666667 0.08166666666666668
3 0.058770833333333335 0.20116666666666666 0.07195833333333333 0.06879166666666667
3 0.6860416666666667 0.18664583333333334 0.0704375 0.059875
2 0.04620833333333333 0.44897916666666665 0.07464583333333333 0.07422916666666667
9 0.3103125 0.8120208333333333 0.07597916666666667 0.06525
0 0.6787083333333332 0.04760416666666667 0.08660416666666666 0.07208333333333333
3 0.307375 0.17981250000000001 0.0785 0.06670833333333334
9 0.17491666666666666 0.8149375 0.07629166666666666 0.07366666666666667
3 0.18297916666666666 0.17822916666666666 0.0751875 0.05864583333333333
4 0.40697916666666667 0.32104166666666667 0.11316666666666667 0.07275000000000001
11 0.051083333333333335 0.9547708333333333 0.096 0.08239583333333332
9 0.4470208333333333 0.8100625 0.07806249999999999 0.0725
3 0.9336041666666667 0.32616666666666666 0.06879166666666667 0.06210416666666666
3 0.5649375 0.4399375 0.06695833333333333 0.05975
2 0.6875 0.318125 0.0810625 0.07135416666666666
8 0.7988333333333333 0.44116666666666665 0.08710416666666668 0.07764583333333334
10 0.682125 0.6689375 0.10125 0.08679166666666666