3 0.4418958333333334 0.44897916666666665 0.06293750000000001 0.0624375
9 0.19579166666666667 0.7060625 0.059666666666666666 0.057708333333333334
3 0.6875 0.4296875 0.06597916666666667 0.06222916666666667
9 0.7089791666666667 0.5712916666666668 0.06360416666666667 0.0603125
3 0.1955625 0.307625 0.06572916666666667 0.06683333333333333
9 0.5737291666666666 0.692375 0.06452083333333333 0.06210416666666666
2 0.6743125 0.32689583333333333 0.07935416666666667 0.07825
0 0.4470208333333333 0.17149999999999999 0.0699375 0.08135416666666666
3 0.318125 0.29760416666666667 0.06670833333333334 0.06683333333333333
3 0.5639583333333333 0.30516666666666664 0.0655 0.06347916666666667
8 0.8168958333333334 0.45679166666666665 0.07502083333333333 0.07147916666666668
9 0.08587499999999999 0.5751875 0.05864583333333333 0.0575
6 0.4392083333333333 0.6865208333333332 0.07275000000000001 0.07160416666666666
9 0.32860416666666664 0.7119166666666668 0.06210416666666666 0.06097916666666667
7 0.20154166666666665 0.817375 0.08179166666666667 0.08179166666666667
1 0.8305625 0.18702083333333333 0.08464583333333334 0.09722916666666667
9 0.8042083333333333 0.7060625 0.065 0.059416666666666666
3 0.8222708333333333 0.5942291666666667 0.059416666666666666 0.057708333333333334
9 0.4509375 0.5751875 0.06420833333333334 0.06189583333333334
3 0.065125 0.45360416666666664 0.0676875 0.06585416666666667
10 0.817375 0.8110416666666667 0.08447916666666666 0.07502083333333333
4 0.9243125 0.0533125 0.09125 0.10358333333333333