3 0.061812500000000006 0.44097916666666664 0.1125 0.07639583333333334
3 0.9306666666666668 0.18847916666666667 0.0885 0.07091666666666667
3 0.7963958333333333 0.31297916666666664 0.0861875 0.06452083333333333
8 0.396375 0.04945833333333333 0.13833333333333334 0.09695833333333333
0 0.6435625 0.06572916666666667 0.1198125 0.0915625
11 0.6455 0.18835416666666666 0.1225 0.0863125
9 0.6787083333333332 0.8183541666666667 0.09075000000000001 0.06525
9 0.9292083333333333 0.8154375 0.08947916666666668 0.05975
9 0.7838333333333334 0.6972708333333333 0.09808333333333333 0.0701875
0 0.6435625 0.06572916666666667 0.1198125 0.0915625
11 0.6455 0.18835416666666666 0.1225 0.0863125
9 0.6787083333333332 0.8183541666666667 0.09075000000000001 0.06525
9 0.9292083333333333 0.8154375 0.08947916666666668 0.05975
7 0.6450208333333334 0.9414166666666667 0.14783333333333332 0.07806249999999999
5 0.2924791666666666 0.8120208333333333 0.12879166666666667 0.06952083333333332
1 0.7590625000000001 0.1987708333333333 0.15266666666666667 0.11079166666666666