0 0.3078541666666667 0.431875 0.09302083333333333 0.07147916666666668
3 0.30591666666666667 0.1695625 0.08166666666666668 0.06322916666666667
3 0.8183541666666667 0.43091666666666667 0.06720833333333333 0.06452083333333333
3 0.17235416666666667 0.18127083333333335 0.08154166666666667 0.06322916666666667
3 0.050333333333333334 0.41431250000000003 0.08416666666666667 0.06525
9 0.6796875 0.7998125 0.06866666666666667 0.06427083333333333
9 0.9448333333333333 0.6640625 0.065125 0.06064583333333333
9 0.051458333333333335 0.807125 0.07879166666666666 0.06360416666666667
1 0.2851666666666667 0.0570625 0.11102083333333333 0.07806249999999999
3 0.9565416666666666 0.400875 0.064875 0.06322916666666667
0 0.0454375 0.5532291666666667 0.090875 0.07208333333333333
5 0.5693333333333332 0.043458333333333335 0.08739583333333334 0.07397916666666667
9 0.3171458333333333 0.557125 0.07891666666666668 0.06420833333333334
7 0.8222708333333333 0.9086875 0.10070833333333334 0.09589583333333333
9 0.5668958333333334 0.18554166666666666 0.07275000000000001 0.06210416666666666
9 0.8066458333333333 0.8066458333333333 0.06464583333333333 0.059000000000000004
6 0.7065416666666666 0.2941875 0.08679166666666666 0.07227083333333333
8 0.9360416666666667 0.2846666666666666 0.08093750000000001 0.07079166666666666
11 0.4406666666666667 0.052437500000000005 0.0808125 0.0680625