9 0.17725 0.8159166666666666 0.07922916666666667 0.07452083333333334
2 0.6884791666666668 0.3186041666666667 0.08600000000000001 0.07195833333333333
8 0.8086041666666667 0.32445833333333335 0.08679166666666666 0.07104166666666667
8 0.3086041666666667 0.6684583333333334 0.1043125 0.0863125
9 0.8046875 0.8188541666666667 0.06335416666666667 0.0628125
3 0.9345625 0.32616666666666666 0.06731250000000001 0.06293750000000001
2 0.296875 0.3100625 0.09172916666666667 0.07275000000000001
10 0.6831041666666666 0.6689375 0.10175000000000001 0.08947916666666668
6 0.2929791666666667 0.9165 0.09418750000000001 0.07935416666666667
9 0.4392083333333333 0.6957916666666667 0.07147916666666668 0.06572916666666667
7 0.8315416666666666 0.963375 0.09770833333333333 0.072625
4 0.5605416666666667 0.3159166666666666 0.10558333333333333 0.07331249999999999
9 0.07739583333333333 0.8271458333333332 0.08477083333333332 0.07227083333333333
9 0.692875 0.8159166666666666 0.07385416666666668 0.06879166666666667
9 0.9555625 0.8032291666666667 0.07122916666666666 0.07195833333333333
11 0.5786041666666667 0.9511666666666667 0.09172916666666667 0.07531249999999999
3 0.8086041666666667 0.16833333333333333 0.07135416666666666 0.06464583333333333
3 0.057916666666666665 0.19933333333333333 0.07239583333333334 0.06189583333333334
3 0.30883333333333335 0.18127083333333335 0.0808125 0.06914583333333332
3 0.18370833333333333 0.1779791666666667 0.07597916666666667 0.058895833333333335
9 0.3107916666666667 0.8105416666666667 0.07739583333333333 0.07147916666666668
3 0.5654375 0.4392083333333333 0.0680625 0.06097916666666667
0 0.2937083333333333 0.4467708333333333 0.094 0.07160416666666666
11 0.050333333333333334 0.9521458333333332 0.09504166666666666 0.08770833333333333