3 0.05972916666666667 0.18958333333333333 0.11389583333333334 0.0875
3 0.6889583333333333 0.17920833333333333 0.09235416666666667 0.06854166666666667
2 0.7799791666666667 0.056666666666666664 0.13195833333333334 0.09160416666666667
4 0.5210208333333334 0.058020833333333334 0.16139583333333332 0.10364583333333334
0 0.29491666666666666 0.04477083333333333 0.13635416666666667 0.08739583333333334
2 0.17266666666666666 0.051062500000000004 0.14904166666666668 0.08841666666666666
5 0.06085416666666667 0.042291666666666665 0.11633333333333334 0.08456250000000001
1 0.41604166666666664 0.04897916666666667 0.1638541666666667 0.09485416666666667
3 0.18445833333333334 0.182375 0.10033333333333333 0.0680625
9 0.7969583333333333 0.8048958333333334 0.08847916666666666 0.06431250000000001
3 0.5595625 0.17810416666666665 0.10070833333333334 0.06879166666666667
3 0.3081041666666666 0.17845833333333333 0.10504166666666667 0.06983333333333334
3 0.4279791666666667 0.177375 0.09656250000000001 0.06731250000000001
3 0.8002916666666666 0.1745625 0.0886875 0.06829166666666667
3 0.9296875 0.18689583333333332 0.08789583333333333 0.06939583333333334
5 0.9160208333333333 0.04458333333333333 0.11920833333333333 0.08679166666666666
11 0.06475 0.9575208333333334 0.12525 0.07208333333333333
9 0.04577083333333333 0.8002916666666666 0.09152083333333333 0.0626875
0 0.6640625 0.05633333333333333 0.1223125 0.08660416666666666
9 0.6782291666666667 0.8149375 0.09656250000000001 0.06829166666666667
9 0.30010416666666667 0.7869583333333333 0.10285416666666666 0.068125
9 0.536625 0.57325 0.09685416666666667 0.06731250000000001
9 0.156 0.8139583333333333 0.10210416666666666 0.0675625
8 0.18339583333333334 0.969875 0.13325 0.05864583333333333
9 0.4189375 0.8164166666666667 0.10877083333333333 0.0701875
6 0.6722291666666667 0.94825 0.12879166666666667 0.07195833333333333
7 0.5459583333333333 0.9335416666666667 0.15997916666666667 0.08872916666666668
6 0.29027083333333337 0.94375 0.13889583333333333 0.07916666666666666
10 0.4298541666666667 0.9395833333333333 0.14583333333333334 0.0875