3 0.18102083333333333 0.17200000000000001 0.08239583333333332 0.06622916666666666
3 0.5351666666666667 0.4548333333333333 0.0680625 0.06222916666666667
3 0.8027291666666667 0.18908333333333335 0.06464583333333333 0.059104166666666666
3 0.31322916666666667 0.16991666666666666 0.08208333333333333 0.06635416666666667
3 0.421875 0.4345625 0.078375 0.06383333333333334
2 0.2851666666666667 0.3107916666666667 0.09283333333333334 0.0725
3 0.9384791666666668 0.32910416666666664 0.06572916666666667 0.06210416666666666
5 0.04825 0.05664583333333333 0.0965 0.0805
5 0.6748125 0.6752916666666666 0.08239583333333332 0.064875
3 0.056854166666666664 0.17077083333333334 0.08495833333333333 0.06635416666666667
4 0.4404375 0.049041666666666664 0.11066666666666666 0.0910625
9 0.065375 0.7085 0.08385416666666666 0.06475
1 0.7915 0.05864583333333333 0.10125 0.09368749999999999
9 0.2937083333333333 0.7085 0.07964583333333333 0.06372916666666667
6 0.166375 0.7880833333333332 0.09754166666666667 0.07122916666666666
9 0.9228541666666668 0.7050833333333333 0.06560416666666666 0.05864583333333333
9 0.6884791666666668 0.792 0.06622916666666666 0.060520833333333336
11 0.06525 0.9174791666666666 0.10522916666666667 0.07904166666666666
7 0.8207916666666667 0.9370208333333333 0.09770833333333333 0.08166666666666668
9 0.3149375 0.7724583333333332 0.08312499999999999 0.06177083333333333
9 0.431875 0.7099583333333332 0.07397916666666667 0.05310416666666666