9 0.6796875 0.8193333333333332 0.091375 0.06622916666666666
7 0.6450208333333334 0.9409166666666666 0.15172916666666666 0.07793749999999999
9 0.7885833333333333 0.6962916666666668 0.09331249999999999 0.06952083333333332
0 0.30716666666666664 0.6801666666666667 0.13658333333333333 0.0679375
9 0.9296875 0.8149375 0.0886875 0.06256250000000001
3 0.9252916666666666 0.41991666666666666 0.08647916666666666 0.065125
11 0.05460416666666667 0.33227083333333335 0.106875 0.08252083333333333
8 0.6522083333333334 0.5644583333333333 0.125625 0.07935416666666667
5 0.0648125 0.828125 0.12964583333333332 0.07104166666666667
1 0.9102291666666668 0.3154375 0.13889583333333333 0.09656250000000001
3 0.06577083333333333 0.5629791666666667 0.10460416666666666 0.06439583333333333
3 0.7945833333333333 0.31297916666666664 0.08456250000000001 0.0626875