7 0.07945833333333334 0.8300833333333333 0.07904166666666666 0.07575
3 0.6875 0.4279791666666667 0.065125 0.06222916666666667
3 0.5634791666666668 0.30395833333333333 0.06525 0.06439583333333333
6 0.3256875 0.5761666666666667 0.072875 0.07208333333333333
2 0.6733333333333333 0.32445833333333335 0.08154166666666667 0.07945833333333334
1 0.8295833333333333 0.18822916666666664 0.08508333333333334 0.09789583333333333
0 0.4467708333333333 0.17029166666666665 0.0699375 0.08239583333333332
3 0.8222708333333333 0.5932708333333333 0.05835416666666667 0.057291666666666664
9 0.45287499999999997 0.5707916666666667 0.06360416666666667 0.06658333333333334
4 0.5605416666666667 0.7065416666666666 0.07891666666666668 0.0785
3 0.06293750000000001 0.5712916666666668 0.06572916666666667 0.06420833333333334
8 0.8168958333333334 0.4562916666666667 0.07575 0.06983333333333334
9 0.19458333333333336 0.7045833333333333 0.060770833333333336 0.06041666666666667
9 0.8037083333333332 0.7050833333333333 0.06335416666666667 0.05864583333333333
3 0.20154166666666665 0.5629791666666667 0.0675625 0.06670833333333334
9 0.7089791666666667 0.5707916666666667 0.0628125 0.06020833333333333
10 0.9238333333333333 0.9414166666666667 0.08960416666666667 0.07989583333333333