9 0.7081666666666667 0.8090833333333334 0.12666666666666665 0.060770833333333336
1 0.8823333333333333 0.059104166666666666 0.203125 0.09435416666666667
9 0.34179166666666666 0.8398541666666667 0.115 0.059333333333333335
11 0.08464583333333334 0.9277291666666667 0.1345208333333333 0.065375
9 0.19312500000000002 0.8154375 0.11554166666666667 0.06395833333333333
3 0.10266666666666667 0.32275 0.11279166666666667 0.06420833333333334
11 0.7021458333333332 0.9599583333333332 0.15147916666666666 0.06597916666666667
3 0.9571875 0.191125 0.085625 0.071375
4 0.36791666666666667 0.17481249999999998 0.17406249999999998 0.08910416666666668
3 0.23424999999999999 0.45970833333333333 0.11377083333333333 0.0628125
1 0.0655 0.06427083333333333 0.12879166666666667 0.08435416666666667
3 0.8582291666666666 0.19868750000000002 0.13083333333333333 0.06935416666666666
5 0.5981458333333334 0.06322916666666667 0.140375 0.083625
7 0.8595416666666666 0.9513333333333333 0.21179166666666666 0.07610416666666667
10 0.5122083333333334 0.4328541666666667 0.17895833333333336 0.07904166666666666
0 0.4907291666666667 0.3164166666666667 0.15027083333333333 0.06841666666666667
9 0.7988333333333333 0.8237291666666666 0.10797916666666667 0.058020833333333334
9 0.9516041666666666 0.6811458333333333 0.09679166666666666 0.05175
6 0.338625 0.9360416666666667 0.15235416666666665 0.07183333333333333
3 0.7402291666666667 0.31664583333333335 0.12145833333333332 0.0675625
3 0.7386041666666666 0.18652083333333333 0.11116666666666666 0.06041666666666667
9 0.3398541666666667 0.3164166666666667 0.12041666666666666 0.0674375
6 0.09618750000000001 0.5683541666666667 0.10991666666666666 0.057583333333333334
2 0.49145833333333333 0.6953125 0.15197916666666667 0.072875