9 0.418875 0.567875 0.09722916666666667 0.06708333333333334
9 0.5484166666666667 0.43724999999999997 0.09874999999999999 0.065375
3 0.9257916666666667 0.17652083333333335 0.08647916666666666 0.0655
3 0.6615 0.17491666666666666 0.09554166666666666 0.06645833333333333
9 0.9238333333333333 0.8032291666666667 0.08739583333333334 0.06891666666666667
5 0.059104166666666666 0.044270833333333336 0.1169375 0.0861875
6 0.671875 0.3125 0.1223125 0.08179166666666667
0 0.05397916666666667 0.2944375 0.10779166666666667 0.075875
7 0.6273125 0.7973541666666667 0.15102083333333333 0.07477083333333333
5 0.2951666666666667 0.0415 0.12939583333333332 0.083
3 0.67675 0.6850625 0.08679166666666666 0.055
9 0.8110416666666667 0.5380833333333332 0.08477083333333332 0.059666666666666666
3 0.059541666666666666 0.43822916666666667 0.111625 0.06310416666666667
3 0.5434583333333334 0.31202083333333336 0.09533333333333333 0.06610416666666667
9 0.1743125 0.578125 0.1039375 0.064875
3 0.8061458333333333 0.29810416666666667 0.08710416666666668 0.06475
1 0.7838125 0.0558125 0.14589583333333334 0.10797916666666667
9 0.05175 0.8101875 0.10266666666666667 0.06891666666666667
6 0.048666666666666664 0.567375 0.09685416666666667 0.06927083333333334
10 0.9041666666666667 0.30622916666666666 0.1338125 0.09225
4 0.05410416666666666 0.90925 0.10797916666666667 0.08060416666666666