9 0.5534791666666667 0.44306249999999997 0.1125 0.08056250000000001
9 0.9344374999999999 0.8112916666666667 0.0966875 0.07229166666666667
3 0.059333333333333335 0.18712499999999999 0.11620833333333333 0.07477083333333333
5 0.40745833333333337 0.5659166666666666 0.12770833333333334 0.08004166666666666
11 0.16754166666666667 0.07404166666666666 0.13927083333333332 0.09845833333333333
9 0.0485 0.7983333333333333 0.09604166666666666 0.083625
7 0.8149375 0.9414166666666667 0.14464583333333333 0.0805
3 0.796875 0.31275000000000003 0.08710416666666668 0.065
3 0.5605416666666667 0.17870833333333333 0.09656250000000001 0.06879166666666667
0 0.7890625 0.18370833333333333 0.11181250000000001 0.08227083333333333
1 0.786125 0.057374999999999995 0.14881250000000001 0.10991666666666666
3 0.9316458333333333 0.18895833333333334 0.0888125 0.0706875
8 0.287875 0.5386041666666667 0.12470833333333334 0.08875000000000001
3 0.6909166666666666 0.1899375 0.09125 0.06891666666666667
9 0.7975 0.8085208333333332 0.0966875 0.07229166666666667
9 0.6780625 0.8224166666666667 0.0966875 0.07229166666666667