3 0.057583333333333334 0.17102083333333334 0.0834375 0.06645833333333333
5 0.7949166666666667 0.43383333333333335 0.08227083333333333 0.06683333333333333
3 0.18079166666666666 0.171625 0.08283333333333333 0.0678125
3 0.31275000000000003 0.17054166666666667 0.08179166666666667 0.06670833333333334
9 0.4311458333333333 0.713875 0.07079166666666666 0.055125
3 0.5385833333333333 0.45410416666666664 0.0725 0.0623125
9 0.06439583333333333 0.7089791666666667 0.08416666666666667 0.065
3 0.9394583333333333 0.32885416666666667 0.06610416666666667 0.06189583333333334
1 0.8007916666666667 0.059000000000000004 0.0855625 0.09058333333333332
11 0.06395833333333333 0.917 0.10339583333333334 0.07708333333333334
3 0.057583333333333334 0.17102083333333334 0.0834375 0.06645833333333333
6 0.16589583333333333 0.7880833333333332 0.09874999999999999 0.06902083333333334
3 0.80175 0.18787500000000001 0.064875 0.06041666666666667
1 0.692875 0.052333333333333336 0.08647916666666666 0.07989583333333333
9 0.6855416666666667 0.7939375 0.06964583333333334 0.06304166666666668
7 0.6572291666666668 0.9448333333333333 0.09656250000000001 0.07575
9 0.30516666666666664 0.546875 0.0810625 0.06452083333333333
7 0.5737291666666666 0.9345625 0.08947916666666668 0.06902083333333334
5 0.7949166666666667 0.43383333333333335 0.08227083333333333 0.06683333333333333
3 0.18079166666666666 0.171625 0.08283333333333333 0.0678125
3 0.31275000000000003 0.17054166666666667 0.08179166666666667 0.06670833333333334
9 0.4311458333333333 0.713875 0.07079166666666666 0.055125
3 0.5385833333333333 0.45410416666666664 0.0725 0.0623125
9 0.06439583333333333 0.7089791666666667 0.08416666666666667 0.065
3 0.9394583333333333 0.32885416666666667 0.06610416666666667 0.06189583333333334
1 0.8007916666666667 0.059000000000000004 0.0855625 0.09058333333333332
11 0.06395833333333333 0.917 0.10339583333333334 0.07708333333333334
6 0.16589583333333333 0.7880833333333332 0.09874999999999999 0.06902083333333334
3 0.80175 0.18787500000000001 0.064875 0.06041666666666667
5 0.692875 0.052333333333333336 0.08647916666666666 0.07989583333333333
9 0.6855416666666667 0.7939375 0.06964583333333334 0.06304166666666668
7 0.6572291666666668 0.9448333333333333 0.09656250000000001 0.07575
9 0.30516666666666664 0.546875 0.0810625 0.06452083333333333
11 0.5737291666666666 0.9345625 0.08947916666666668 0.06902083333333334