3 0.9389583333333333 0.3295833333333333 0.06560416666666666 0.0624375
3 0.80175 0.18847916666666667 0.0655 0.059104166666666666
3 0.18114583333333334 0.17200000000000001 0.08447916666666666 0.0675625
2 0.28833333333333333 0.3095625 0.09075000000000001 0.0725
5 0.04854166666666667 0.056125 0.09708333333333334 0.08179166666666667
3 0.056854166666666664 0.17004166666666667 0.08404166666666667 0.06708333333333334
3 0.31297916666666664 0.171625 0.0855625 0.06695833333333333
3 0.536125 0.4545833333333333 0.0699375 0.0628125
9 0.06322916666666667 0.7094791666666667 0.0855625 0.06939583333333334
1 0.7905208333333333 0.059104166666666666 0.1014375 0.09485416666666667
5 0.6743125 0.6757916666666667 0.08416666666666667 0.06645833333333333
6 0.16454166666666667 0.7895416666666667 0.09754166666666667 0.0700625
11 0.065125 0.9184583333333334 0.10558333333333333 0.07410416666666667
9 0.31347916666666664 0.7744166666666668 0.080375 0.060770833333333336
9 0.2946875 0.7089791666666667 0.0805 0.06560416666666666
11 0.57325 0.9384791666666668 0.09283333333333334 0.06816666666666667
9 0.43091666666666667 0.7143541666666666 0.075875 0.057374999999999995
6 0.6860416666666667 0.7924791666666666 0.07122916666666666 0.06347916666666667
10 0.5415 0.8305625 0.1070625 0.07666666666666666
9 0.9223541666666667 0.7060625 0.06452083333333333 0.057187499999999995
7 0.8086041666666667 0.9384791666666668 0.07433333333333333 0.0725
4 0.43822916666666667 0.050145833333333334 0.10760416666666667 0.0910625
3 0.42310416666666667 0.4343333333333333 0.07935416666666667 0.06347916666666667