4 0.5707916666666667 0.3237291666666666 0.10541666666666667 0.07489583333333334
3 0.1813958333333333 0.17908333333333332 0.07629166666666666 0.05664583333333333
9 0.9555625 0.8086041666666667 0.07147916666666668 0.06408333333333334
3 0.807625 0.16883333333333334 0.07147916666666668 0.06610416666666667
8 0.3086041666666667 0.6738333333333333 0.10504166666666667 0.08464583333333334
3 0.9350625 0.328125 0.06597916666666667 0.06395833333333333
10 0.6775416666666667 0.6699166666666667 0.11108333333333334 0.08647916666666666
7 0.8309166666666666 0.9632291666666667 0.10170833333333333 0.07354166666666666
3 0.06427083333333333 0.177125 0.07977083333333333 0.06452083333333333
9 0.30885416666666665 0.8108541666666667 0.0815625 0.07304166666666667
0 0.28783333333333333 0.4497083333333334 0.09920833333333333 0.0706875
9 0.17589583333333333 0.8203125 0.07683333333333334 0.0703125
2 0.5415 0.5810625 0.09320833333333334 0.0678125
1 0.28979166666666667 0.04554166666666667 0.12000000000000001 0.07879166666666666
9 0.07410416666666667 0.8251875 0.0778125 0.06635416666666667
9 0.7978541666666668 0.8066458333333333 0.08270833333333334 0.09331249999999999
9 0.6913541666666667 0.8180208333333333 0.07864583333333333 0.06564583333333333
3 0.30883333333333335 0.18360416666666665 0.0810625 0.06914583333333332
11 0.5668958333333334 0.9535 0.10339583333333334 0.08483333333333333
6 0.43945833333333334 0.5791041666666668 0.09570833333333333 0.06927083333333334
8 0.5595625 0.43797916666666664 0.09997916666666667 0.0700625