9 0.5569375 0.44027083333333333 0.11389583333333334 0.0694375
9 0.7926041666666667 0.6948333333333333 0.10958333333333334 0.07708333333333334
5 0.06254166666666666 0.43724999999999997 0.12508333333333332 0.0810625
3 0.0564375 0.18841666666666665 0.10314583333333333 0.07335416666666666
3 0.6885 0.18966666666666668 0.0953125 0.08025
8 0.5563125 0.1869583333333333 0.13154166666666667 0.0874375
9 0.682625 0.8198333333333333 0.09552083333333333 0.0701875
7 0.8172291666666667 0.9404375 0.145625 0.07860416666666666
0 0.6430625 0.06635416666666667 0.11579166666666667 0.0910625
3 0.9301666666666667 0.18968749999999998 0.09172916666666667 0.07122916666666666
3 0.7978541666666668 0.31224999999999997 0.08539583333333334 0.06452083333333333
11 0.163375 0.1960625 0.1448125 0.08864583333333333
1 0.7607291666666666 0.19939583333333333 0.16197916666666667 0.10802083333333333