8 0.6528333333333334 0.5659166666666666 0.12127083333333334 0.08020833333333334
7 0.6450208333333334 0.9409166666666666 0.14856250000000001 0.08020833333333334
9 0.7871041666666667 0.6972708333333333 0.09039583333333333 0.0675625
9 0.6792083333333333 0.8183541666666667 0.09302083333333333 0.06708333333333334
9 0.9287083333333332 0.8168958333333334 0.0885 0.06310416666666667
3 0.050979166666666666 0.6962916666666668 0.10195833333333333 0.06525
5 0.07764583333333334 0.9399375 0.13404166666666667 0.07170833333333333
3 0.92725 0.42089583333333336 0.08727083333333334 0.0676875
1 0.9047916666666667 0.17345833333333335 0.13939583333333333 0.1065
11 0.04647916666666666 0.27929166666666666 0.08710416666666668 0.075875
0 0.306875 0.682125 0.13385416666666666 0.06902083333333334