3 0.73925 0.3168958333333334 0.11841666666666667 0.0611875
11 0.6904375 0.9560625 0.14977083333333333 0.0679375
3 0.20764583333333334 0.19543750000000001 0.11127083333333333 0.06572916666666667
3 0.7539166666666667 0.18822916666666664 0.14245833333333333 0.06347916666666667
3 0.35131249999999997 0.3142083333333333 0.106875 0.06164583333333333
3 0.0701875 0.2055625 0.111625 0.06927083333333334
7 0.8510833333333333 0.9526458333333333 0.20154166666666665 0.07825
9 0.4751041666666667 0.5712916666666668 0.11797916666666668 0.06335416666666667
9 0.18895833333333334 0.8159166666666666 0.12104166666666667 0.06427083333333333
0 0.4873125 0.31616666666666665 0.14881250000000001 0.06854166666666667
4 0.479 0.04741666666666667 0.18835416666666666 0.0886875
9 0.34008333333333335 0.8393541666666666 0.11358333333333334 0.059208333333333335
0 0.8549791666666666 0.5546875 0.15308333333333335 0.06829166666666667
5 0.7283541666666667 0.063375 0.15391666666666665 0.084
5 0.06475 0.06322916666666667 0.12610416666666666 0.0834375
2 0.20445833333333333 0.050895833333333335 0.140625 0.08166666666666668
1 0.8774375 0.05997916666666667 0.21639583333333334 0.10310416666666668
10 0.47379166666666667 0.9492083333333333 0.18527083333333336 0.06964583333333334
3 0.9521458333333332 0.18835416666666666 0.08910416666666668 0.06670833333333334
9 0.8002916666666666 0.82325 0.11474999999999999 0.058229166666666665
3 0.8527083333333334 0.20018750000000002 0.13652083333333334 0.06585416666666667
6 0.338375 0.9370208333333333 0.1549375 0.07154166666666667
8 0.7202083333333333 0.708 0.14977083333333333 0.0675625
6 0.36841666666666667 0.5483333333333333 0.15258333333333332 0.072875
9 0.9345625 0.8349583333333332 0.12335416666666667 0.07464583333333333
9 0.6990625 0.8129791666666667 0.1164375 0.0626875
9 0.0730625 0.8051666666666667 0.10741666666666667 0.057583333333333334
11 0.0813125 0.9329375 0.1446875 0.07508333333333334