3 0.8061458333333333 0.18775 0.06914583333333332 0.06020833333333333
3 0.9404375 0.32616666666666666 0.065375 0.06322916666666667
3 0.18370833333333333 0.17102083333333334 0.080625 0.06525
3 0.05864583333333333 0.16845833333333332 0.07977083333333333 0.06645833333333333
3 0.2827083333333333 0.411125 0.07860416666666666 0.06464583333333333
9 0.4345625 0.7119166666666668 0.07410416666666667 0.058229166666666665
9 0.06585416666666667 0.7085 0.08447916666666666 0.06585416666666667
9 0.30566666666666664 0.546875 0.0778125 0.06452083333333333
6 0.3107916666666667 0.6899375 0.09058333333333332 0.06914583333333332
7 0.43822916666666667 0.8105416666666667 0.112 0.07860416666666666
1 0.7944375 0.057291666666666664 0.10016666666666667 0.09283333333333334
9 0.6889583333333333 0.7905208333333333 0.06731250000000001 0.06372916666666667
5 0.4311458333333333 0.04654166666666667 0.09039583333333333 0.083
5 0.9296875 0.69775 0.07739583333333333 0.06597916666666667
11 0.6793541666666666 0.9450000000000001 0.10095833333333333 0.07091666666666667