1 0.8813541666666667 0.059416666666666666 0.20154166666666665 0.0935
6 0.3344791666666667 0.9375 0.15075 0.07860416666666666
5 0.5947291666666668 0.06222916666666667 0.14100000000000001 0.08179166666666667
3 0.7402291666666667 0.317625 0.11920833333333333 0.06164583333333333
5 0.06585416666666667 0.06408333333333334 0.12914583333333335 0.0834375
0 0.48804166666666665 0.3154375 0.15002083333333335 0.06964583333333334
4 0.37133333333333335 0.17589583333333333 0.18066666666666667 0.08789583333333333
11 0.083 0.9282291666666667 0.13366666666666666 0.06408333333333334
3 0.23389583333333333 0.458 0.11377083333333333 0.06395833333333333
6 0.47852083333333334 0.7070416666666667 0.15002083333333335 0.0675625
11 0.6948333333333333 0.9565416666666666 0.15027083333333333 0.06720833333333333
10 0.23497916666666668 0.69825 0.15979166666666667 0.07422916666666667
3 0.3532708333333333 0.31445833333333334 0.1070625 0.0624375
3 0.10285416666666666 0.3220208333333333 0.112 0.06439583333333333
9 0.7973541666666667 0.8237291666666666 0.1223125 0.059333333333333335
9 0.34179166666666666 0.8408125 0.11181250000000001 0.05541666666666667
7 0.8559583333333334 0.9506875 0.20018750000000002 0.07477083333333333
3 0.75 0.18835416666666666 0.13341666666666668 0.06464583333333333
9 0.7039375 0.8105416666666667 0.12045833333333333 0.06210416666666666
9 0.19177083333333333 0.8159166666666666 0.11241666666666666 0.06372916666666667
3 0.9487291666666666 0.1899375 0.09770833333333333 0.06572916666666667
3 0.849125 0.20008333333333334 0.12683333333333333 0.0675625
9 0.46068749999999997 0.4558125 0.11395833333333334 0.058229166666666665
9 0.9497083333333334 0.67675 0.09331249999999999 0.06347916666666667
9 0.09302083333333333 0.567375 0.11029166666666666 0.058145833333333334
2 0.5068333333333334 0.19910416666666667 0.1379375 0.07331249999999999