5 0.06525 0.060520833333333336 0.07195833333333333 0.08508333333333334
0 0.3149375 0.05204166666666667 0.07122916666666666 0.08477083333333332
9 0.8046875 0.8144583333333333 0.059875 0.058145833333333334
6 0.6943333333333332 0.9384791666666668 0.0731875 0.07183333333333333
3 0.06395833333333333 0.18335416666666668 0.06683333333333333 0.0699375
3 0.18272916666666666 0.18127083333333335 0.065 0.06695833333333333
11 0.075875 0.9360416666666667 0.07170833333333333 0.0675625
8 0.8120208333333333 0.9448333333333333 0.0754375 0.07654166666666667
3 0.5644583333333333 0.3012708333333334 0.0655 0.065
9 0.0785 0.82325 0.06256250000000001 0.0623125
7 0.5649375 0.9375 0.08179166666666667 0.07935416666666667
9 0.3225 0.8183541666666667 0.057374999999999995 0.0575
3 0.6933541666666667 0.177 0.06464583333333333 0.064875
3 0.8256875 0.1796875 0.06152083333333334 0.06372916666666667
0 0.4506875 0.3086041666666667 0.0706875 0.0751875
10 0.4421458333333333 0.9340833333333334 0.07764583333333334 0.0751875
2 0.18297916666666666 0.0519375 0.07695833333333332 0.09656250000000001
8 0.4393333333333333 0.817875 0.07564583333333334 0.07341666666666667
4 0.4250416666666667 0.050499999999999996 0.0805 0.09789583333333333
3 0.3242291666666667 0.18383333333333332 0.06939583333333334 0.07122916666666666
3 0.4421458333333333 0.44579166666666664 0.06427083333333333 0.06395833333333333
9 0.6938541666666667 0.8144583333333333 0.06585416666666667 0.059333333333333335
3 0.9487291666666666 0.17956249999999999 0.06177083333333333 0.06420833333333334
2 0.7065416666666666 0.28668750000000004 0.07610416666666667 0.08693749999999999
9 0.19420833333333334 0.8193333333333332 0.0611875 0.06310416666666667
6 0.8046875 0.6831041666666666 0.07531249999999999 0.07183333333333333
9 0.5717708333333333 0.6889583333333333 0.0655 0.06347916666666667
11 0.9277291666666667 0.9516666666666667 0.07891666666666668 0.075875
9 0.9306666666666668 0.8256875 0.0705625 0.06427083333333333
1 0.55225 0.051458333333333335 0.07764583333333334 0.1014375
5 0.9472708333333333 0.052520833333333336 0.07739583333333333 0.0856875
9 0.45337500000000003 0.57275 0.06720833333333333 0.06383333333333334