5 0.7949166666666667 0.4336041666666667 0.08154166666666667 0.06708333333333334
3 0.31275000000000003 0.17064583333333333 0.08008333333333333 0.06695833333333333
3 0.182375 0.17272916666666666 0.0834375 0.0680625
3 0.5371041666666667 0.4545833333333333 0.06816666666666667 0.06222916666666667
6 0.166375 0.7880833333333332 0.09722916666666667 0.06866666666666667
2 0.2873541666666667 0.3110416666666667 0.09320833333333334 0.07397916666666667
3 0.8042083333333333 0.18908333333333335 0.06645833333333333 0.06041666666666667
3 0.05560416666666667 0.17054166666666667 0.08020833333333334 0.06525
3 0.9399375 0.32910416666666664 0.06645833333333333 0.06152083333333334
9 0.42993750000000003 0.713375 0.07091666666666667 0.05677083333333333
3 0.42383333333333334 0.5766666666666667 0.07575 0.06420833333333334
5 0.6997083333333334 0.051354166666666666 0.09874999999999999 0.08166666666666668
1 0.7978541666666668 0.058229166666666665 0.09252083333333333 0.09320833333333334
9 0.30516666666666664 0.6914166666666667 0.0833125 0.064875
9 0.065125 0.7094791666666667 0.0856875 0.06720833333333333
11 0.06572916666666667 0.9165 0.10541666666666667 0.0778125
9 0.6865208333333332 0.7929791666666667 0.06914583333333332 0.06452083333333333
9 0.30835416666666665 0.5488333333333333 0.07922916666666667 0.06427083333333333
7 0.6547916666666667 0.9453125 0.10125 0.07666666666666666
11 0.57275 0.9355416666666667 0.08802083333333334 0.0680625