3 0.8339791666666667 0.166375 0.06927083333333334 0.06197916666666667
3 0.0705625 0.1857916666666667 0.08404166666666667 0.06322916666666667
9 0.5800833333333333 0.4396875 0.0778125 0.06383333333333334
5 0.07739583333333333 0.05429166666666666 0.09368749999999999 0.07227083333333333
3 0.177 0.1813958333333333 0.08008333333333333 0.06189583333333334
11 0.9492291666666667 0.9345625 0.075875 0.07477083333333333
3 0.6865208333333332 0.17785416666666667 0.07122916666666666 0.06222916666666667
3 0.94775 0.16564583333333335 0.06829166666666667 0.06304166666666668
0 0.692875 0.042333333333333334 0.08404166666666667 0.07135416666666666
8 0.42212500000000003 0.9194375 0.0989375 0.07091666666666667
0 0.4172291666666667 0.18066666666666667 0.0881875 0.06939583333333334
6 0.723625 0.5483333333333333 0.08227083333333333 0.07366666666666667
3 0.317875 0.18029166666666668 0.07891666666666668 0.06395833333333333
9 0.9448333333333333 0.8090833333333334 0.06475 0.059000000000000004
1 0.5454166666666667 0.0444375 0.10266666666666667 0.0754375
9 0.8105416666666667 0.8061458333333333 0.06720833333333333 0.060520833333333336
9 0.6855416666666667 0.7993125 0.07397916666666667 0.06420833333333334
7 0.5586041666666667 0.942875 0.1045 0.09320833333333334
2 0.31372916666666667 0.30664583333333334 0.083625 0.0680625
8 0.6943333333333332 0.682125 0.09204166666666666 0.072875
9 0.1900625 0.807125 0.08197916666666667 0.07122916666666666
6 0.1970208333333333 0.432375 0.0915625 0.06816666666666667
5 0.958 0.0456875 0.07752083333333333 0.0706875
11 0.05370833333333334 0.9365208333333332 0.09533333333333333 0.090875
9 0.05489583333333334 0.8051666666666667 0.08447916666666666 0.06585416666666667
2 0.57275 0.5561458333333333 0.0885 0.07477083333333333