4 0.44579166666666664 0.3146875 0.07860416666666666 0.08960416666666667
0 0.19910416666666667 0.17089583333333333 0.07091666666666667 0.08122916666666667
6 0.5483333333333333 0.8164166666666667 0.0705625 0.06939583333333334
3 0.44164583333333335 0.44654166666666667 0.0628125 0.06310416666666667
10 0.32185416666666666 0.8163958333333333 0.07695833333333332 0.07385416666666668
9 0.07695833333333332 0.8242291666666667 0.05835416666666667 0.05864583333333333
3 0.6879791666666667 0.4262708333333334 0.06525 0.06304166666666668
3 0.5639583333333333 0.3029791666666667 0.065125 0.065125
3 0.19493749999999999 0.30516666666666664 0.06610416666666667 0.06645833333333333
3 0.8207916666666667 0.4565416666666666 0.06041666666666667 0.060083333333333336
9 0.3251875 0.7094791666666667 0.0614375 0.057708333333333334
9 0.4509375 0.57275 0.06452083333333333 0.0624375
9 0.8032291666666667 0.8154375 0.0603125 0.05835416666666667
3 0.32445833333333335 0.18445833333333334 0.06854166666666667 0.06914583333333332
9 0.19335416666666666 0.8207916666666667 0.058562499999999997 0.058562499999999997
11 0.45116666666666666 0.9336041666666667 0.0699375 0.0703125
3 0.06310416666666667 0.1849375 0.06829166666666667 0.07091666666666667
9 0.6933541666666667 0.817875 0.065375 0.058229166666666665
9 0.5718541666666667 0.6889583333333333 0.0624375 0.06097916666666667
7 0.32885416666666667 0.9262708333333334 0.08227083333333333 0.08166666666666668
5 0.065375 0.06210416666666666 0.072875 0.08679166666666666
2 0.4421458333333333 0.1735833333333333 0.07477083333333333 0.09270833333333334
8 0.703125 0.7128958333333333 0.08093750000000001 0.07183333333333333
1 0.8193333333333332 0.18383333333333332 0.08477083333333332 0.09685416666666667
5 0.9316458333333333 0.958 0.07964583333333333 0.07410416666666667