3 0.22425 0.4343333333333333 0.11474999999999999 0.06360416666666667
10 0.9426041666666667 0.567875 0.1148125 0.083
9 0.4643541666666666 0.6972708333333333 0.11797916666666668 0.057291666666666664
6 0.8572500000000001 0.43864583333333335 0.17508333333333334 0.07302083333333333
5 0.47541666666666665 0.0686875 0.14262499999999997 0.08820833333333335
4 0.5136666666666667 0.5610416666666667 0.17920833333333333 0.07531249999999999
9 0.19312500000000002 0.8164166666666667 0.11535416666666666 0.06372916666666667
5 0.5957083333333333 0.06252083333333333 0.13691666666666666 0.08858333333333333
9 0.9487291666666666 0.6782291666666667 0.10089583333333334 0.06197916666666667
0 0.4890208333333333 0.3164166666666667 0.15308333333333335 0.07147916666666668
9 0.7260833333333333 0.5795833333333333 0.12335416666666667 0.06902083333333334
1 0.8715833333333334 0.057708333333333334 0.20727083333333332 0.09172916666666667
3 0.7441458333333333 0.18725 0.12547916666666667 0.065
3 0.8515625 0.318125 0.12891666666666668 0.06695833333333333
11 0.08375 0.92675 0.13135416666666666 0.06572916666666667
3 0.9582291666666667 0.18895833333333334 0.08352083333333334 0.06560416666666666
9 0.8061458333333333 0.82275 0.11047916666666667 0.0613125
11 0.69775 0.9589791666666667 0.14831249999999999 0.06622916666666666