3 0.921875 0.177125 0.06927083333333334 0.0624375
3 0.8086041666666667 0.16772916666666668 0.07227083333333333 0.06585416666666667
5 0.9287083333333332 0.06610416666666667 0.08252083333333333 0.07410416666666667
0 0.6782291666666667 0.04708333333333334 0.08989583333333333 0.07354166666666666
3 0.6860416666666667 0.18664583333333334 0.0701875 0.059000000000000004
10 0.4558125 0.9522708333333333 0.11535416666666666 0.09545833333333334
5 0.0603125 0.03927083333333334 0.06383333333333334 0.0730625
3 0.182125 0.17810416666666665 0.07452083333333334 0.05697916666666667
1 0.5385833333333333 0.0614375 0.10839583333333333 0.07610416666666667
2 0.6875 0.31616666666666665 0.08122916666666667 0.07502083333333333
9 0.1745625 0.817875 0.075875 0.0706875
9 0.8046875 0.8188541666666667 0.06293750000000001 0.06110416666666666
9 0.442875 0.8086041666666667 0.08227083333333333 0.07239583333333334
3 0.3078541666666667 0.18041666666666664 0.07410416666666667 0.06452083333333333
6 0.29320833333333335 0.9150416666666668 0.09204166666666666 0.07879166666666666
9 0.31322916666666667 0.8115208333333332 0.07764583333333334 0.06572916666666667
9 0.07683333333333334 0.8276458333333333 0.08093750000000001 0.0676875
3 0.5649375 0.4389583333333333 0.06622916666666666 0.059000000000000004
9 0.6943333333333332 0.8159166666666666 0.07354166666666666 0.06914583333333332
11 0.051666666666666666 0.9541041666666668 0.09656250000000001 0.08208333333333333
11 0.5766666666666667 0.9453125 0.09283333333333334 0.08404166666666667
8 0.3100625 0.67725 0.10016666666666667 0.0676875
3 0.059958333333333336 0.19822916666666668 0.07397916666666667 0.07416666666666667
9 0.9541041666666668 0.80175 0.0725 0.07239583333333334
4 0.40672916666666664 0.3203125 0.11437499999999999 0.07183333333333333
2 0.045187500000000005 0.443125 0.0751875 0.08252083333333333
8 0.7993125 0.4399375 0.08660416666666666 0.07935416666666667
7 0.8315416666666666 0.9614166666666667 0.09808333333333333 0.0731875