0 0.49145833333333333 0.3156666666666667 0.14710416666666667 0.06939583333333334
11 0.69825 0.958 0.14831249999999999 0.06597916666666667
7 0.8510833333333333 0.9526458333333333 0.19347916666666667 0.0778125
9 0.19420833333333334 0.817875 0.11260416666666666 0.059958333333333336
11 0.08477083333333332 0.92675 0.13366666666666666 0.06585416666666667
9 0.8035416666666666 0.8217708333333333 0.11347916666666666 0.060520833333333336
5 0.5957083333333333 0.06335416666666667 0.13939583333333333 0.0834375
9 0.46679166666666666 0.6972708333333333 0.11674999999999999 0.06064583333333333
3 0.7417083333333333 0.317625 0.11674999999999999 0.06110416666666666
9 0.7052499999999999 0.8105416666666667 0.12379166666666667 0.06197916666666667
3 0.23510416666666664 0.4592291666666667 0.11437499999999999 0.06360416666666667
6 0.33545833333333336 0.9438541666666667 0.15147916666666666 0.0885
9 0.093875 0.567875 0.10877083333333333 0.058229166666666665
3 0.7456041666666666 0.18895833333333334 0.12335416666666667 0.065
9 0.9497083333333334 0.6777291666666667 0.09514583333333333 0.06197916666666667
1 0.8823333333333333 0.059666666666666666 0.20372916666666668 0.09552083333333333
4 0.36670833333333336 0.17614583333333333 0.17297916666666666 0.08989583333333333
10 0.5126875 0.43383333333333335 0.17920833333333333 0.08122916666666667
3 0.9511666666666667 0.1892083333333333 0.09075000000000001 0.06670833333333334
5 0.06475 0.06347916666666667 0.12633333333333333 0.08539583333333334
6 0.33568749999999997 0.31835416666666666 0.1145625 0.065125
3 0.8520416666666667 0.19983333333333334 0.1325625 0.06879166666666667
3 0.10108333333333334 0.32275 0.11339583333333333 0.06658333333333334