2 0.286875 0.3107916666666667 0.09185416666666667 0.07397916666666667
1 0.7934583333333334 0.05864583333333333 0.0989375 0.09435416666666667
3 0.536125 0.4545833333333333 0.06983333333333334 0.0628125
5 0.0485 0.05654166666666667 0.09685416666666667 0.08093750000000001
5 0.6811458333333333 0.04502083333333333 0.08660416666666666 0.08008333333333333
3 0.3151875 0.171625 0.08527083333333334 0.0655
9 0.065 0.7104583333333333 0.08477083333333332 0.06683333333333333
4 0.442625 0.049875 0.109125 0.09283333333333334
3 0.9394583333333333 0.3298333333333333 0.06708333333333334 0.0626875
3 0.1813958333333333 0.171875 0.0833125 0.06585416666666667
7 0.8207916666666667 0.9379791666666667 0.09302083333333333 0.07977083333333333
3 0.80225 0.18958333333333333 0.06622916666666666 0.059875
9 0.42895833333333333 0.713375 0.06891666666666667 0.05602083333333333
9 0.2934583333333334 0.7099583333333332 0.08020833333333334 0.065375
3 0.057291666666666664 0.16979166666666667 0.08527083333333334 0.064875
11 0.06408333333333334 0.9184583333333334 0.10466666666666667 0.07860416666666666
3 0.42162499999999997 0.4343333333333333 0.07935416666666667 0.06408333333333334
11 0.5722708333333333 0.9375 0.091375 0.06902083333333334
6 0.16479166666666664 0.7885833333333333 0.09447916666666667 0.0679375
0 0.671875 0.6836041666666667 0.08447916666666666 0.06983333333333334
9 0.6860416666666667 0.7939375 0.07170833333333333 0.0626875
9 0.9223541666666667 0.7065416666666666 0.06610416666666667 0.058229166666666665
9 0.31372916666666667 0.7734375 0.08020833333333334 0.06177083333333333
10 0.43775000000000003 0.8056666666666668 0.11083333333333334 0.0706875
9 0.8051666666666667 0.7905208333333333 0.06964583333333334 0.06064583333333333