5 0.5268541666666666 0.44116666666666665 0.09856250000000001 0.06731250000000001
11 0.06585416666666667 0.9160208333333333 0.10375 0.07464583333333333
3 0.9394583333333333 0.32764583333333336 0.06560416666666666 0.06222916666666667
9 0.065375 0.7089791666666667 0.08508333333333334 0.06464583333333333
3 0.31224999999999997 0.16893750000000002 0.07989583333333333 0.06816666666666667
3 0.8042083333333333 0.18822916666666664 0.0655 0.060520833333333336
3 0.05697916666666667 0.17029166666666665 0.0805 0.06572916666666667
6 0.43797916666666664 0.5473541666666667 0.09320833333333334 0.06891666666666667
3 0.18225 0.171625 0.0808125 0.06670833333333334
9 0.6889583333333333 0.792 0.0680625 0.06464583333333333
9 0.43016666666666664 0.7128958333333333 0.07135416666666666 0.05835416666666667
9 0.30541666666666667 0.5449166666666667 0.0810625 0.06439583333333333
11 0.6645416666666667 0.942875 0.0910625 0.07793749999999999
1 0.7954166666666667 0.0570625 0.096375 0.0935
5 0.6972708333333333 0.050229166666666665 0.0935 0.07945833333333334