6 0.3100625 0.5395416666666667 0.09058333333333332 0.072625
8 0.6840833333333334 0.6860416666666667 0.09039583333333333 0.080375
10 0.45435416666666667 0.9511666666666667 0.1096875 0.09466666666666666
11 0.9492291666666667 0.9399375 0.07502083333333333 0.07641666666666666
3 0.6850625 0.18591666666666665 0.0701875 0.059104166666666666
9 0.44335416666666666 0.8056666666666668 0.08208333333333333 0.07239583333333334
3 0.4501875 0.18006250000000001 0.07170833333333333 0.06164583333333333
3 0.807125 0.16735416666666666 0.07208333333333333 0.06310416666666667
9 0.9503125 0.8028333333333334 0.077 0.07089583333333334
7 0.5488333333333333 0.9453125 0.10558333333333333 0.0993125
3 0.9213958333333333 0.17614583333333333 0.06879166666666667 0.0626875
8 0.18187499999999998 0.9409166666666666 0.090875 0.08789583333333333
9 0.80175 0.817375 0.057291666666666664 0.06041666666666667
0 0.67725 0.04610416666666666 0.08960416666666667 0.0705625
3 0.21179166666666666 0.1851875 0.07410416666666667 0.059541666666666666
11 0.049229166666666664 0.9560625 0.09504166666666666 0.07720833333333334
9 0.07341666666666667 0.8256875 0.08008333333333333 0.0704375
9 0.17541666666666667 0.8164166666666667 0.075875 0.07422916666666667
9 0.31224999999999997 0.8110416666666667 0.07891666666666668 0.06585416666666667
6 0.29320833333333335 0.9160208333333333 0.09172916666666667 0.075875
3 0.34472916666666664 0.17054166666666667 0.07422916666666667 0.065125
2 0.6865208333333332 0.31616666666666665 0.08008333333333333 0.0699375
2 0.30175 0.32739583333333333 0.096 0.07183333333333333
0 0.3032291666666667 0.050604166666666665 0.09912499999999999 0.07104166666666667
3 0.058229166666666665 0.20239583333333336 0.07275000000000001 0.06439583333333333
1 0.5376041666666667 0.06164583333333333 0.10839583333333333 0.07502083333333333
9 0.6885 0.81475 0.08208333333333333 0.0715625
5 0.0603125 0.039125 0.0614375 0.06939583333333334
4 0.42870833333333336 0.0614375 0.1145625 0.0755625
5 0.9282291666666667 0.06585416666666667 0.08093750000000001 0.07079166666666666
9 0.5551666666666667 0.5586041666666667 0.0725 0.06439583333333333
3 0.5639583333333333 0.4401875 0.0679375 0.05835416666666667