5 0.4245625 0.18737499999999999 0.09125 0.07477083333333333
3 0.18360416666666665 0.17139583333333333 0.08208333333333333 0.0679375
3 0.8056666666666668 0.18822916666666664 0.06645833333333333 0.06020833333333333
5 0.4313958333333333 0.04525 0.08897916666666666 0.08375
3 0.9399375 0.32787499999999997 0.065375 0.06189583333333334
1 0.7958958333333332 0.05664583333333333 0.10229166666666667 0.093875
9 0.065 0.7089791666666667 0.0833125 0.06597916666666667
9 0.6889583333333333 0.792 0.0699375 0.0628125
3 0.28320833333333334 0.41210416666666666 0.07879166666666666 0.06560416666666666
6 0.3086041666666667 0.6909166666666666 0.09331249999999999 0.07183333333333333
7 0.31177083333333333 0.7890625 0.106875 0.072625
9 0.30664583333333334 0.546875 0.08135416666666666 0.06658333333333334
3 0.057791666666666665 0.16858333333333334 0.07964583333333333 0.06304166666666668
11 0.8134791666666668 0.9331041666666666 0.08660416666666666 0.07160416666666666