9 0.07739583333333333 0.8247083333333334 0.058895833333333335 0.0584375
0 0.4492291666666667 0.31054166666666666 0.0705625 0.07502083333333333
5 0.06585416666666667 0.0628125 0.07341666666666667 0.08660416666666666
3 0.6875 0.42725 0.065375 0.0623125
3 0.44164583333333335 0.44727083333333334 0.06322916666666667 0.06222916666666667
9 0.5712916666666668 0.6904375 0.06427083333333333 0.06097916666666667
9 0.9311458333333333 0.8276458333333333 0.0701875 0.06622916666666666
10 0.3234791666666667 0.8168958333333334 0.07575 0.0730625
7 0.5639583333333333 0.9409166666666666 0.0805 0.08008333333333333
0 0.19897916666666668 0.16966666666666666 0.07135416666666666 0.0839375
3 0.5634791666666668 0.3032291666666667 0.06560416666666666 0.06427083333333333
9 0.19408333333333333 0.8217708333333333 0.059416666666666666 0.058020833333333334
3 0.8217708333333333 0.45727083333333335 0.06097916666666667 0.06041666666666667
3 0.06395833333333333 0.18531250000000002 0.06841666666666667 0.0700625
3 0.32397916666666665 0.1857916666666667 0.0679375 0.0675625
9 0.8042083333333333 0.8164166666666667 0.0614375 0.059666666666666666
3 0.19458333333333336 0.30591666666666667 0.06525 0.065125
9 0.4504375 0.57275 0.06816666666666667 0.06322916666666667
1 0.9433541666666667 0.05572916666666667 0.09368749999999999 0.10229166666666667
5 0.6728541666666668 0.051270833333333335 0.0725 0.08600000000000001
11 0.07597916666666667 0.9365208333333332 0.07477083333333333 0.07079166666666666
6 0.8207916666666667 0.6987291666666666 0.07629166666666666 0.07354166666666666
2 0.18187499999999998 0.05291666666666666 0.07683333333333334 0.09504166666666666
8 0.4472083333333333 0.8061458333333333 0.08614583333333334 0.0725
9 0.32885416666666667 0.7104583333333333 0.059666666666666666 0.0584375
4 0.42383333333333334 0.0519375 0.08020833333333334 0.09947916666666666
9 0.692375 0.817375 0.06395833333333333 0.0603125
11 0.9282291666666667 0.9536041666666667 0.08020833333333334 0.07397916666666667
6 0.9594791666666667 0.17760416666666667 0.07397916666666667 0.07989583333333333