6 0.9021458333333333 0.5756875 0.11283333333333333 0.07397916666666667
4 0.2662291666666667 0.17481249999999998 0.15175 0.094
7 0.779375 0.932625 0.14402083333333332 0.07666666666666666
8 0.5423541666666666 0.4392083333333333 0.13135416666666666 0.07964583333333333
11 0.6621041666666667 0.703125 0.11145833333333334 0.06841666666666667
1 0.7792916666666667 0.05072916666666667 0.14195833333333333 0.10016666666666667
10 0.9052708333333332 0.6889583333333333 0.13072916666666667 0.0751875
0 0.150375 0.5698333333333333 0.136625 0.06952083333333332
3 0.9248125 0.17664583333333334 0.0883125 0.06610416666666667
3 0.6723541666666667 0.17089583333333333 0.0910625 0.06610416666666667
9 0.42089583333333336 0.5668958333333334 0.096 0.0655
9 0.051270833333333335 0.8090833333333334 0.10089583333333334 0.06152083333333334
9 0.80225 0.5542083333333333 0.0888125 0.059958333333333336
9 0.2951666666666667 0.7045833333333333 0.10016666666666667 0.06427083333333333
0 0.0535 0.29564583333333333 0.10614583333333334 0.07433333333333333
5 0.059208333333333335 0.043375000000000004 0.11737500000000001 0.08508333333333334
2 0.6645416666666667 0.3015208333333333 0.12525 0.07452083333333334
3 0.05645833333333334 0.43775000000000003 0.10541666666666667 0.06427083333333333
9 0.6704166666666667 0.5649375 0.09504166666666666 0.06464583333333333
5 0.29564583333333333 0.04089583333333333 0.12939583333333332 0.08179166666666667
11 0.057708333333333334 0.9375 0.11418750000000001 0.07597916666666667
8 0.40470833333333334 0.8105416666666667 0.13429166666666664 0.07091666666666667
3 0.5292916666666667 0.29883333333333334 0.09722916666666667 0.06708333333333334
9 0.9238333333333333 0.80175 0.08960416666666667 0.06829166666666667
6 0.29564583333333333 0.8110416666666667 0.13341666666666668 0.06695833333333333
3 0.8051666666666667 0.29614583333333333 0.0863125 0.06395833333333333
3 0.41358333333333336 0.4357916666666667 0.09252083333333333 0.058145833333333334
2 0.411875 0.1691875 0.12829166666666666 0.08020833333333334