3 0.6875 0.17822916666666666 0.0703125 0.0614375
3 0.557625 0.17652083333333335 0.075875 0.06310416666666667
3 0.8344791666666667 0.166375 0.06879166666666667 0.0624375
3 0.07104166666666667 0.18604166666666666 0.08404166666666667 0.06420833333333334
3 0.317375 0.18029166666666668 0.07904166666666666 0.06360416666666667
3 0.94775 0.166375 0.06560416666666666 0.06152083333333334
3 0.177 0.18152083333333333 0.07964583333333333 0.06210416666666666
9 0.3061458333333333 0.5546875 0.07354166666666666 0.06020833333333333
8 0.8027291666666667 0.9311458333333333 0.09222916666666667 0.07477083333333333
0 0.4409166666666666 0.42260416666666667 0.07170833333333333 0.059000000000000004
0 0.6943333333333332 0.0439375 0.08691666666666667 0.072625
2 0.8134791666666668 0.04491666666666667 0.07502083333333333 0.07422916666666667
9 0.9457916666666667 0.8086041666666667 0.06610416666666667 0.06197916666666667
7 0.5566458333333333 0.9414166666666667 0.11029166666666666 0.09514583333333333
9 0.43016666666666664 0.5629791666666667 0.07666666666666666 0.06256250000000001
2 0.18712499999999999 0.06085416666666667 0.09027083333333333 0.07183333333333333
11 0.9492291666666667 0.9340833333333334 0.07720833333333334 0.07354166666666666
9 0.05520833333333333 0.8056666666666668 0.083625 0.06420833333333334
5 0.0778125 0.0545 0.094 0.07275000000000001
9 0.5605416666666667 0.8105416666666667 0.07208333333333333 0.06210416666666666
11 0.050812500000000003 0.94775 0.09075000000000001 0.072625
5 0.9594791666666667 0.04510416666666666 0.07989583333333333 0.07366666666666667
9 0.18968749999999998 0.8061458333333333 0.08008333333333333 0.065375
4 0.4404375 0.045187500000000005 0.11241666666666666 0.07879166666666666
9 0.8105416666666667 0.8066458333333333 0.06597916666666667 0.06020833333333333
9 0.6850625 0.7988333333333333 0.07079166666666666 0.06439583333333333
0 0.29564583333333333 0.05520833333333333 0.09533333333333333 0.0725
6 0.692375 0.92675 0.0805 0.07464583333333333
6 0.30585416666666665 0.9386666666666666 0.0908125 0.07122916666666666
1 0.5463958333333333 0.04554166666666667 0.09966666666666667 0.075875
8 0.18041666666666664 0.9404375 0.09754166666666667 0.07135416666666666
10 0.41481250000000003 0.94525 0.115375 0.0980625