3 0.19372916666666665 0.306875 0.06585416666666667 0.06683333333333333
3 0.44116666666666665 0.4487291666666666 0.06310416666666667 0.06189583333333334
3 0.5625 0.30395833333333333 0.06585416666666667 0.06439583333333333
3 0.6860416666666667 0.4282291666666667 0.06585416666666667 0.06197916666666667
3 0.3164166666666667 0.296875 0.06560416666666666 0.06635416666666667
9 0.57275 0.6909166666666666 0.06222916666666667 0.0613125
1 0.8286041666666667 0.18737499999999999 0.0855625 0.09770833333333333
9 0.32714583333333336 0.7109375 0.0614375 0.060083333333333336
3 0.8217708333333333 0.5927708333333332 0.059666666666666666 0.057708333333333334
8 0.8154375 0.4555625 0.075875 0.0751875
9 0.44727083333333334 0.5737291666666666 0.06360416666666667 0.06210416666666666
9 0.8032291666666667 0.7045833333333333 0.06222916666666667 0.059333333333333335
0 0.44579166666666664 0.17139583333333333 0.06939583333333334 0.08135416666666666
6 0.439375 0.683875 0.07272916666666666 0.07029166666666667
3 0.06464583333333333 0.45264583333333336 0.06841666666666667 0.06635416666666667
9 0.19420833333333334 0.7050833333333333 0.06222916666666667 0.06041666666666667
4 0.5542083333333333 0.050604166666666665 0.08008333333333333 0.09997916666666667
9 0.08495833333333333 0.5737291666666666 0.06041666666666667 0.05975
9 0.7085 0.5693333333333332 0.06420833333333334 0.0614375
7 0.20018750000000002 0.8164166666666667 0.080625 0.07922916666666667
2 0.6727708333333333 0.32547916666666665 0.08139583333333333 0.07768749999999999
10 0.9316458333333333 0.5791041666666668 0.08710416666666668 0.08495833333333333