3 0.8520416666666667 0.31835416666666666 0.13025 0.06708333333333334
3 0.9587916666666667 0.18968749999999998 0.0824375 0.06347916666666667
3 0.7421875 0.18712499999999999 0.12000000000000001 0.06383333333333334
5 0.5950416666666667 0.06360416666666667 0.13862500000000003 0.0808125
9 0.19458333333333336 0.8168958333333334 0.11047916666666667 0.06097916666666667
3 0.22545833333333334 0.4350625 0.11297916666666666 0.06189583333333334
0 0.49022916666666666 0.31616666666666665 0.14806249999999999 0.06983333333333334
9 0.9519583333333334 0.67675 0.0960625 0.06177083333333333
9 0.8037083333333332 0.8256875 0.11102083333333333 0.058145833333333334
1 0.8842708333333333 0.059875 0.203125 0.09552083333333333
5 0.473875 0.06764583333333334 0.15289583333333334 0.0919375
7 0.8574166666666667 0.9511666666666667 0.17383333333333334 0.07825
11 0.083625 0.9282291666666667 0.1305 0.0655
9 0.4660625 0.6962916666666668 0.11858333333333333 0.06064583333333333
11 0.6933541666666667 0.9585 0.14733333333333334 0.06731250000000001
4 0.5082916666666667 0.44458333333333333 0.17383333333333334 0.07922916666666667
9 0.6957916666666667 0.8125 0.09570833333333333 0.06322916666666667
10 0.9506875 0.5605416666666667 0.09860416666666666 0.08183333333333334
6 0.854 0.4453125 0.17835416666666667 0.094