3 0.19420833333333334 0.3063958333333333 0.06635416666666667 0.06695833333333333
9 0.7085 0.5693333333333332 0.06383333333333334 0.0614375
3 0.6870208333333333 0.42725 0.064875 0.06256250000000001
3 0.4409166666666666 0.44727083333333334 0.06304166666666668 0.0623125
3 0.5625 0.302 0.06525 0.06427083333333333
3 0.32397916666666665 0.1848125 0.06841666666666667 0.06879166666666667
9 0.32689583333333333 0.7104583333333333 0.059958333333333336 0.058770833333333335
0 0.316 0.30050000000000004 0.07260416666666666 0.07658333333333332
6 0.43797916666666664 0.6831041666666666 0.0705625 0.07122916666666666
9 0.57275 0.6889583333333333 0.06572916666666667 0.06439583333333333
9 0.19408333333333333 0.7036041666666667 0.057791666666666665 0.05677083333333333
2 0.7016666666666667 0.3032291666666667 0.07764583333333334 0.08929166666666667
9 0.4492291666666667 0.57325 0.06452083333333333 0.06064583333333333
9 0.07666666666666666 0.8247083333333334 0.058229166666666665 0.058562499999999997
3 0.8222708333333333 0.5917916666666667 0.059208333333333335 0.057708333333333334
9 0.8032291666666667 0.7045833333333333 0.0628125 0.058895833333333335
4 0.43335416666666665 0.17491666666666666 0.07695833333333332 0.09504166666666666
3 0.06360416666666667 0.18566666666666667 0.0679375 0.0704375
7 0.32837500000000003 0.9257916666666667 0.08587499999999999 0.08385416666666666
1 0.8295833333333333 0.1848125 0.08660416666666666 0.09741666666666667
8 0.8159166666666666 0.45435416666666667 0.07643749999999999 0.07477083333333333
10 0.9433541666666667 0.8120208333333333 0.09235416666666667 0.08283333333333333