9 0.3965208333333334 0.5833333333333334 0.10972916666666667 0.07222916666666666
9 0.8100625 0.5380833333333332 0.08989583333333333 0.06322916666666667
9 0.17491666666666666 0.5771458333333332 0.10375 0.06841666666666667
9 0.05225 0.8090833333333334 0.10266666666666667 0.0628125
9 0.9243125 0.8032291666666667 0.08960416666666667 0.06670833333333334
9 0.5488333333333333 0.43797916666666664 0.09966666666666667 0.06585416666666667
6 0.6640625 0.2858958333333333 0.11841666666666667 0.08283333333333333
5 0.29491666666666666 0.041375 0.12879166666666667 0.08272916666666667
5 0.0584375 0.043520833333333335 0.11614583333333334 0.08464583333333334
4 0.263625 0.17554166666666668 0.15525 0.09435416666666667
1 0.7802708333333332 0.056125 0.14416666666666667 0.10577083333333334
0 0.05308333333333334 0.2937083333333333 0.10616666666666667 0.07654166666666667
3 0.0558125 0.43724999999999997 0.10466666666666667 0.06464583333333333
3 0.542 0.31224999999999997 0.09331249999999999 0.06720833333333333
3 0.807625 0.29735416666666664 0.0888125 0.065125
3 0.9252916666666666 0.17652083333333335 0.0883125 0.06622916666666666
3 0.661625 0.17395833333333333 0.09252083333333333 0.0678125
7 0.7841875 0.932625 0.14539583333333334 0.0754375
10 0.90625 0.6889583333333333 0.12804166666666666 0.07793749999999999
3 0.67675 0.6850625 0.08435416666666667 0.05410416666666666
6 0.04820833333333333 0.5668958333333334 0.096 0.06964583333333334
11 0.06210416666666666 0.9384791666666668 0.12041666666666666 0.07575