11 0.6962916666666668 0.9570416666666667 0.14391666666666666 0.06829166666666667
1 0.8832916666666667 0.059333333333333335 0.203125 0.093875
9 0.19518749999999999 0.8159166666666666 0.11279166666666667 0.0628125
11 0.08527083333333334 0.92725 0.13233333333333333 0.065125
4 0.38256249999999997 0.3055833333333334 0.1735833333333333 0.08979166666666667
9 0.7057291666666666 0.8090833333333334 0.1231875 0.06189583333333334
9 0.463375 0.6938541666666667 0.11437499999999999 0.057791666666666665
3 0.22352083333333334 0.4348125 0.11437499999999999 0.0626875
7 0.8569375 0.9497083333333334 0.19189583333333332 0.07879166666666666
9 0.8002916666666666 0.8212916666666668 0.1225 0.06347916666666667
3 0.9585 0.18762500000000001 0.08252083333333333 0.06420833333333334
3 0.7421875 0.18627083333333333 0.1175625 0.0614375
5 0.4819375 0.0679375 0.14502083333333332 0.08989583333333333
10 0.4921875 0.5717708333333333 0.17870833333333333 0.08154166666666667
9 0.94825 0.6748125 0.09656250000000001 0.0674375
6 0.3359375 0.9394583333333333 0.15147916666666666 0.07879166666666666
5 0.5948958333333334 0.06383333333333334 0.14433333333333334 0.0805
3 0.854 0.317625 0.12512500000000001 0.06395833333333333
0 0.49543750000000003 0.3174166666666667 0.16058333333333333 0.084