5 0.058562499999999997 0.043270833333333335 0.11554166666666667 0.08508333333333334
7 0.7801458333333334 0.9311458333333333 0.146875 0.07935416666666667
9 0.17345833333333335 0.5786041666666667 0.10016666666666667 0.06475
3 0.6621041666666667 0.1743125 0.091375 0.06670833333333334
9 0.5463958333333333 0.43335416666666665 0.09741666666666667 0.0705625
9 0.050895833333333335 0.8119375000000001 0.10125 0.066
9 0.417 0.5683541666666667 0.09589583333333333 0.0680625
1 0.78125 0.05520833333333333 0.146125 0.10858333333333332
3 0.5429791666666667 0.3125 0.09418750000000001 0.0655
9 0.9252916666666666 0.8032291666666667 0.0888125 0.06854166666666667
6 0.048125 0.5664166666666667 0.096 0.06914583333333332
11 0.05975 0.9389583333333333 0.11535416666666666 0.07654166666666667
3 0.05420833333333333 0.43797916666666664 0.10358333333333333 0.065
3 0.9252916666666666 0.17652083333333335 0.0888125 0.0678125
0 0.05314583333333334 0.29491666666666666 0.10629166666666667 0.07452083333333334
5 0.29564583333333333 0.0410625 0.12718749999999998 0.082125
6 0.6708958333333332 0.3107916666666667 0.12291666666666666 0.08375
10 0.9067291666666667 0.30591666666666667 0.12879166666666667 0.09504166666666666
4 0.27110416666666665 0.6884791666666668 0.1539375 0.07922916666666667
3 0.67675 0.6860416666666667 0.08495833333333333 0.05410416666666666
9 0.8100625 0.5380833333333332 0.08385416666666666 0.059333333333333335
3 0.8051666666666667 0.29785416666666664 0.08435416666666667 0.06525