9 0.5541666666666667 0.44443750000000004 0.10833333333333334 0.0694375
11 0.5401875 0.713375 0.14372916666666666 0.0731875
9 0.9316458333333333 0.8154375 0.0935 0.060770833333333336
9 0.04725 0.8032291666666667 0.09283333333333334 0.06322916666666667
9 0.682125 0.8168958333333334 0.09754166666666667 0.06695833333333333
6 0.40354166666666663 0.5703125 0.13125 0.075875
5 0.1743125 0.05572916666666667 0.13158333333333333 0.09204166666666666
3 0.7978541666666668 0.31297916666666664 0.08789583333333333 0.06420833333333334
7 0.8168958333333334 0.9399375 0.14489583333333333 0.08154166666666667
8 0.4122291666666667 0.8105416666666667 0.13574999999999998 0.07489583333333334
3 0.05864583333333333 0.18860416666666666 0.10577083333333334 0.06829166666666667
9 0.7988333333333333 0.8056666666666668 0.08979166666666667 0.06464583333333333
0 0.7876041666666667 0.1851875 0.11127083333333333 0.0805
1 0.7876041666666667 0.0559375 0.14881250000000001 0.11102083333333333
3 0.5620208333333333 0.17870833333333333 0.09722916666666667 0.06927083333333334
2 0.2795416666666667 0.5595625 0.13072916666666667 0.0731875
3 0.9316458333333333 0.18958333333333333 0.0883125 0.06866666666666667
3 0.6914791666666668 0.1899375 0.09366666666666666 0.06841666666666667