11 0.08197916666666667 0.9282291666666667 0.13660416666666667 0.06420833333333334
11 0.6967708333333333 0.9560625 0.14904166666666668 0.0680625
5 0.5947291666666668 0.06383333333333334 0.140875 0.08208333333333333
7 0.8569375 0.953125 0.17956249999999999 0.07806249999999999
6 0.33545833333333336 0.9379791666666667 0.15125 0.07531249999999999
3 0.7402291666666667 0.3168958333333334 0.11841666666666667 0.0614375
1 0.880375 0.059958333333333336 0.19775 0.093875
9 0.7978541666666668 0.82275 0.11633333333333334 0.058770833333333335
9 0.19227083333333334 0.8168958333333334 0.11218750000000001 0.06085416666666667
9 0.34179166666666666 0.8408125 0.11339583333333333 0.057187499999999995
10 0.23475000000000001 0.6967708333333333 0.1623541666666667 0.07433333333333333
3 0.953125 0.18958333333333333 0.08539583333333334 0.06427083333333333
6 0.47608333333333336 0.7045833333333333 0.151 0.06939583333333334
5 0.06622916666666666 0.06395833333333333 0.12879166666666667 0.08404166666666667
0 0.4895 0.3164166666666667 0.14881250000000001 0.06964583333333334
9 0.6884791666666668 0.8125 0.0885 0.06683333333333333
9 0.94775 0.67725 0.096375 0.06304166666666668
3 0.7426666666666667 0.18835416666666666 0.11737500000000001 0.06335416666666667
9 0.09222916666666667 0.5683541666666667 0.10893749999999999 0.058145833333333334
4 0.36425 0.17627083333333332 0.177 0.0915625
3 0.10108333333333334 0.32275 0.11127083333333333 0.06452083333333333
9 0.33789583333333334 0.3188541666666667 0.11841666666666667 0.06222916666666667
3 0.23143750000000002 0.45825 0.111625 0.06360416666666667
2 0.3645 0.4414166666666667 0.15052083333333333 0.07208333333333333
3 0.8546458333333333 0.20008333333333334 0.11737500000000001 0.06335416666666667