6 0.2920208333333333 0.8138958333333334 0.12970833333333334 0.073375
11 0.9277291666666667 0.9252916666666666 0.1065 0.07091666666666667
9 0.17614583333333333 0.8032291666666667 0.09997916666666667 0.06420833333333334
9 0.29004166666666664 0.6967708333333333 0.09845833333333333 0.058229166666666665
9 0.9243125 0.80175 0.08910416666666668 0.0680625
11 0.059000000000000004 0.9384791666666668 0.11339583333333333 0.0754375
9 0.6690208333333333 0.5654375 0.09645833333333333 0.06525
9 0.42064583333333333 0.567875 0.09570833333333333 0.06464583333333333
4 0.26358333333333334 0.17414583333333333 0.15239583333333334 0.09781250000000001
9 0.80175 0.5542083333333333 0.0888125 0.059875
1 0.7783125 0.050791666666666666 0.14489583333333333 0.1015625
8 0.40281249999999996 0.8105416666666667 0.13704166666666667 0.0730625
3 0.4126041666666667 0.43554166666666666 0.09185416666666667 0.057916666666666665
0 0.4233333333333333 0.3086041666666667 0.12964583333333332 0.075875
5 0.058562499999999997 0.043458333333333335 0.11674999999999999 0.08508333333333334
7 0.5325833333333333 0.9339375000000001 0.16029166666666667 0.083625
3 0.15735416666666666 0.2939375 0.09947916666666666 0.06610416666666667
3 0.9243125 0.17664583333333334 0.08691666666666667 0.06610416666666667
3 0.05429166666666666 0.43702083333333336 0.10358333333333333 0.06360416666666667
3 0.5278333333333334 0.2998125 0.09856250000000001 0.06658333333333334
10 0.90625 0.6904375 0.12829166666666666 0.07708333333333334
5 0.2954166666666667 0.04145833333333333 0.12914583333333335 0.08291666666666667
3 0.6713958333333333 0.17054166666666667 0.09204166666666666 0.06670833333333334
2 0.41308333333333336 0.16870833333333335 0.14027083333333332 0.07879166666666666
6 0.901375 0.5756875 0.11102083333333333 0.07422916666666667
9 0.050499999999999996 0.8105416666666667 0.09979166666666667 0.0623125
8 0.5406041666666667 0.4389583333333333 0.13216666666666665 0.08020833333333334
2 0.6630833333333332 0.30102083333333335 0.12572916666666667 0.07489583333333334
3 0.8061458333333333 0.29785416666666664 0.08947916666666668 0.065375
0 0.053187500000000006 0.2985208333333333 0.10339583333333334 0.08258333333333333