3 0.8027291666666667 0.18737499999999999 0.06585416666666667 0.0611875
3 0.18079166666666666 0.17114583333333336 0.08239583333333332 0.06683333333333333
3 0.9394583333333333 0.32787499999999997 0.06597916666666667 0.06475
5 0.6840833333333334 0.047 0.08208333333333333 0.07708333333333334
3 0.057187499999999995 0.16772916666666668 0.083625 0.06683333333333333
3 0.28150000000000003 0.41210416666666666 0.07904166666666666 0.06383333333333334
1 0.7954166666666667 0.058229166666666665 0.09827083333333334 0.09185416666666667
9 0.6860416666666667 0.7929791666666667 0.0699375 0.06427083333333333
9 0.065375 0.7094791666666667 0.08435416666666667 0.06622916666666666
6 0.307375 0.692875 0.093875 0.07531249999999999
7 0.5444375 0.6967708333333333 0.11181250000000001 0.07793749999999999
5 0.92725 0.6997083333333334 0.07739583333333333 0.06731250000000001
9 0.432625 0.7114166666666667 0.07464583333333333 0.059541666666666666
11 0.6743125 0.9433541666666667 0.08710416666666668 0.0704375
9 0.30516666666666664 0.5463958333333333 0.08135416666666666 0.0655