5 0.2937083333333333 0.8125 0.12891666666666668 0.06879166666666667
11 0.16008333333333333 0.19720833333333332 0.14110416666666667 0.091
9 0.7880833333333332 0.6967708333333333 0.08947916666666668 0.06645833333333333
9 0.6816458333333333 0.8183541666666667 0.09302083333333333 0.06658333333333334
8 0.29004166666666664 0.3025 0.12633333333333333 0.08447916666666666
9 0.9334375 0.8154375 0.08960416666666667 0.06197916666666667
7 0.6450208333333334 0.9414166666666667 0.14733333333333334 0.07879166666666666
1 0.7560833333333333 0.19860416666666666 0.15641666666666668 0.10764583333333334
3 0.7963958333333333 0.3125 0.08847916666666666 0.06395833333333333
0 0.6435625 0.06464583333333333 0.11737500000000001 0.0886875
3 0.9311458333333333 0.1900625 0.08947916666666668 0.0699375
3 0.058208333333333334 0.18725 0.10606249999999999 0.06964583333333334
3 0.6887500000000001 0.1881875 0.09541666666666666 0.07645833333333334