6 0.3249583333333333 0.5756875 0.0701875 0.06914583333333332
3 0.5625 0.3029791666666667 0.064875 0.06439583333333333
3 0.6860416666666667 0.4275 0.06525 0.0623125
8 0.8154375 0.45508333333333334 0.0755625 0.07354166666666666
3 0.06222916666666667 0.5698333333333333 0.06475 0.06360416666666667
3 0.8212916666666668 0.5927708333333332 0.05864583333333333 0.058020833333333334
3 0.20129166666666667 0.5625 0.06854166666666667 0.06695833333333333
9 0.45385416666666667 0.5722708333333333 0.05560416666666667 0.0611875
0 0.44604166666666667 0.16991666666666666 0.06952083333333332 0.08208333333333333
4 0.4401875 0.8271458333333332 0.08020833333333334 0.08239583333333332
7 0.20897916666666666 0.9365208333333332 0.07695833333333332 0.0755625
9 0.7070416666666667 0.5707916666666667 0.059541666666666666 0.057708333333333334
1 0.8286041666666667 0.18627083333333333 0.0861875 0.09808333333333333
9 0.19408333333333333 0.7041041666666668 0.06152083333333334 0.059958333333333336
2 0.6728541666666668 0.3259375 0.07922916666666667 0.07860416666666666
9 0.80225 0.703125 0.06439583333333333 0.06164583333333333
10 0.9228541666666668 0.9409166666666666 0.0886875 0.0808125