5 0.5707916666666667 0.05489583333333334 0.0833125 0.07170833333333333
3 0.30664583333333334 0.16991666666666666 0.07935416666666667 0.06210416666666666
3 0.7060625 0.2766041666666667 0.0731875 0.06439583333333333
6 0.7226666666666667 0.5478541666666668 0.07904166666666666 0.07135416666666666
3 0.1746875 0.18225 0.08166666666666668 0.06322916666666667
3 0.06829166666666667 0.18664583333333334 0.08375 0.065125
1 0.2858958333333333 0.05602083333333333 0.10991666666666666 0.07891666666666668
0 0.19129166666666667 0.2905208333333333 0.091375 0.0701875
9 0.942375 0.8090833333333334 0.065375 0.058229166666666665
9 0.05283333333333333 0.8066458333333333 0.08227083333333333 0.06395833333333333
9 0.6816458333333333 0.7988333333333333 0.0706875 0.065125
0 0.3413125 0.30566666666666664 0.090875 0.0704375
9 0.5791041666666668 0.31054166666666666 0.0725 0.06097916666666667
3 0.8320416666666667 0.166625 0.0676875 0.06164583333333333
9 0.318125 0.5566458333333333 0.07629166666666666 0.06372916666666667
3 0.9453125 0.16624999999999998 0.06610416666666667 0.06197916666666667
7 0.8266666666666667 0.9150416666666668 0.09722916666666667 0.09204166666666666
8 0.692375 0.6831041666666666 0.091375 0.07422916666666667
11 0.5771458333333332 0.9501875 0.07891666666666668 0.0731875
9 0.8081041666666666 0.8066458333333333 0.064875 0.05975