11 0.05835416666666667 0.9414166666666667 0.11316666666666667 0.07354166666666666
6 0.6522916666666667 0.9340833333333334 0.12070833333333333 0.0700625
9 0.6708958333333332 0.5664166666666667 0.09320833333333334 0.06597916666666667
8 0.5429791666666667 0.4406666666666667 0.13025 0.078375
3 0.5268541666666666 0.30054166666666665 0.09808333333333333 0.06658333333333334
6 0.7742916666666667 0.692375 0.11995833333333333 0.07122916666666666
9 0.4279791666666667 0.5625 0.09685416666666667 0.06439583333333333
0 0.42064583333333333 0.3093333333333333 0.12610416666666666 0.07575
9 0.17822916666666666 0.8051666666666667 0.10266666666666667 0.06335416666666667
2 0.6630833333333332 0.3025 0.12695833333333334 0.07477083333333333
9 0.7963958333333333 0.8046875 0.08587499999999999 0.057916666666666665
9 0.9228541666666668 0.8032291666666667 0.09008333333333333 0.0679375
8 0.4048333333333333 0.8125 0.14364583333333333 0.07227083333333333
3 0.9243125 0.17785416666666667 0.08758333333333333 0.06708333333333334
9 0.29491666666666666 0.8115208333333332 0.10541666666666667 0.0570625
3 0.6694375 0.17272916666666666 0.09435416666666667 0.06695833333333333
9 0.5512708333333334 0.7021458333333332 0.09618750000000001 0.06408333333333334
0 0.29883333333333334 0.041124999999999995 0.12718749999999998 0.08224999999999999
5 0.0575 0.04458333333333333 0.11437499999999999 0.08600000000000001
3 0.807125 0.177125 0.09320833333333334 0.0699375
11 0.92675 0.9262708333333334 0.1070625 0.0706875
2 0.4101666666666667 0.17174999999999999 0.12939583333333332 0.07720833333333334
9 0.05204166666666667 0.8125 0.09789583333333333 0.06427083333333333
5 0.917 0.051000000000000004 0.11316666666666667 0.08947916666666668
3 0.2873541666666667 0.2924791666666666 0.09770833333333333 0.06475
10 0.4008333333333333 0.930375 0.14470833333333333 0.08177083333333333
3 0.411375 0.43724999999999997 0.09125 0.058770833333333335
7 0.5230833333333333 0.9330208333333334 0.15135416666666668 0.08254166666666667
3 0.06525 0.16747916666666668 0.10302083333333334 0.06866666666666667
3 0.1643125 0.1799375 0.09656250000000001 0.06720833333333333
1 0.5288125 0.044333333333333336 0.15308333333333335 0.08802083333333334
4 0.26756250000000004 0.17439583333333333 0.1630625 0.09747916666666666