9 0.5270833333333333 0.41527083333333337 0.10139583333333334 0.075
9 0.6806666666666668 0.8183541666666667 0.09447916666666667 0.06670833333333334
11 0.5566458333333333 0.9457916666666667 0.12335416666666667 0.07477083333333333
9 0.7988333333333333 0.8061458333333333 0.08979166666666667 0.06525
6 0.4047916666666667 0.8159166666666666 0.13072916666666667 0.0703125
10 0.15810416666666666 0.19164583333333332 0.1485 0.09270833333333334
9 0.9296875 0.8159166666666666 0.08758333333333333 0.06310416666666667
9 0.15625 0.8164166666666667 0.1019375 0.06695833333333333
7 0.8159166666666666 0.942375 0.14270833333333333 0.0888125
2 0.40039583333333334 0.5507916666666667 0.1331875 0.07354166666666666
3 0.5629791666666667 0.17956249999999999 0.09856250000000001 0.06964583333333334
3 0.7978541666666668 0.31372916666666667 0.08739583333333334 0.06372916666666667
4 0.4023541666666667 0.0463125 0.15235416666666665 0.092625
5 0.06720833333333333 0.050895833333333335 0.13 0.0883125
11 0.06635416666666667 0.9697083333333333 0.13158333333333333 0.06058333333333333
3 0.058895833333333335 0.18737499999999999 0.10247916666666666 0.0699375
0 0.7905208333333333 0.18456250000000002 0.11047916666666667 0.08197916666666667
3 0.6914166666666667 0.18347916666666667 0.0910625 0.06939583333333334