9 0.2923541666666667 0.7180625 0.11527083333333334 0.075
9 0.4089375 0.5820416666666667 0.10052083333333334 0.06683333333333333
9 0.6840833333333334 0.817375 0.09827083333333334 0.06658333333333334
9 0.7988333333333333 0.8046875 0.08897916666666666 0.06304166666666668
9 0.15564583333333332 0.8139583333333333 0.1014375 0.0676875
9 0.932625 0.8144583333333333 0.09027083333333333 0.060083333333333336
9 0.0454375 0.8002916666666666 0.08989583333333333 0.0611875
9 0.5405208333333333 0.4663125 0.09754166666666667 0.06464583333333333
8 0.7954375 0.9433541666666667 0.13141666666666665 0.0725
11 0.9375 0.9511666666666667 0.11145833333333334 0.06964583333333334
6 0.6755 0.9503333333333334 0.12458333333333332 0.07270833333333333
11 0.06420833333333334 0.9589791666666667 0.12804166666666666 0.0705625
6 0.2873541666666667 0.9462916666666668 0.12718749999999998 0.07091666666666667
3 0.057187499999999995 0.18652083333333333 0.10339583333333334 0.0700625
3 0.17750000000000002 0.19129166666666667 0.09754166666666667 0.06720833333333333
7 0.5384791666666667 0.9332291666666667 0.1515625 0.08497916666666666
5 0.9160208333333333 0.04320833333333333 0.11658333333333333 0.08641666666666666
0 0.6626041666666667 0.05397916666666667 0.11633333333333334 0.0885
3 0.42675 0.17835416666666667 0.09570833333333333 0.06658333333333334
5 0.0613125 0.041375 0.1198125 0.08272916666666667
3 0.6894583333333333 0.18029166666666668 0.09172916666666667 0.0676875
3 0.30114583333333333 0.4080416666666667 0.11041666666666666 0.0793125
3 0.9301666666666667 0.18737499999999999 0.08739583333333334 0.06891666666666667
10 0.4310208333333333 0.9401458333333333 0.14345833333333333 0.08233333333333334
3 0.5605416666666667 0.17675000000000002 0.09722916666666667 0.06866666666666667
3 0.8007916666666667 0.17529166666666668 0.09008333333333333 0.0679375
2 0.38958333333333334 0.4375 0.14027083333333332 0.08610416666666666
2 0.17222916666666668 0.052083333333333336 0.14722916666666666 0.09027083333333333
8 0.1875 0.9729166666666667 0.1444375 0.05416666666666667
1 0.5201458333333333 0.05485416666666666 0.17639583333333334 0.10972916666666667
4 0.41041666666666665 0.051395833333333335 0.1569375 0.10277083333333333