3 0.7986041666666667 0.3138958333333333 0.09166666666666666 0.06666666666666667
3 0.9301666666666667 0.18958333333333333 0.09204166666666666 0.07170833333333333
1 0.7580833333333333 0.19647916666666668 0.15179166666666666 0.1064375
0 0.6425833333333333 0.06395833333333333 0.11816666666666667 0.090875
3 0.6873125000000001 0.1881875 0.09204166666666666 0.07170833333333333
5 0.5494583333333334 0.43981250000000005 0.12829166666666666 0.08070833333333334
8 0.2873541666666667 0.302 0.13208333333333333 0.08508333333333334
11 0.16045833333333331 0.19616666666666666 0.1359375 0.08252083333333333
3 0.0575 0.18635416666666668 0.10745833333333334 0.0720625
9 0.7900416666666668 0.6948333333333333 0.09514583333333333 0.07091666666666667
9 0.6825833333333333 0.817375 0.09633333333333334 0.06731250000000001
9 0.9340833333333334 0.8149375 0.0966875 0.06383333333333334
7 0.8163125 0.9394583333333333 0.14466666666666667 0.080625