9 0.15625 0.8166666666666667 0.10693749999999999 0.0694375
6 0.40429166666666666 0.8159166666666666 0.12804166666666666 0.07208333333333333
9 0.046625 0.8012708333333334 0.08960416666666667 0.06189583333333334
9 0.6836041666666667 0.8198333333333333 0.09039583333333333 0.06525
11 0.06464583333333333 0.9599583333333332 0.1276875 0.0699375
7 0.8139583333333333 0.9409166666666666 0.14172916666666666 0.08179166666666667
11 0.5561458333333333 0.9453125 0.12377083333333333 0.07183333333333333
9 0.7988333333333333 0.8056666666666668 0.09302083333333333 0.06475
10 0.16058333333333333 0.193 0.14891666666666667 0.08802083333333334
9 0.9301666666666667 0.8164166666666667 0.08464583333333334 0.06164583333333333
8 0.6547916666666667 0.7001875 0.11579166666666667 0.0703125
8 0.19054166666666666 0.9721666666666666 0.13266666666666665 0.05339583333333333
4 0.4035625 0.047875 0.14539583333333334 0.09368749999999999
0 0.7871875 0.18395833333333333 0.11379166666666667 0.08339583333333334
1 0.7891458333333333 0.05625 0.14766666666666667 0.10779166666666667
9 0.5268541666666666 0.41381249999999997 0.09789583333333333 0.06304166666666668
3 0.05654166666666667 0.18835416666666666 0.09979166666666667 0.06891666666666667
3 0.5629791666666667 0.18006250000000001 0.09685416666666667 0.06841666666666667
5 0.6699166666666667 0.051000000000000004 0.12316666666666666 0.09270833333333334
3 0.8002083333333334 0.3139583333333333 0.0856875 0.0624375
2 0.5170833333333333 0.3029791666666667 0.12275 0.07904166666666666
5 0.06670833333333334 0.049875 0.13135416666666666 0.08679166666666666
3 0.9301666666666667 0.1900625 0.08947916666666668 0.06964583333333334
3 0.6894583333333333 0.18152083333333333 0.08960416666666667 0.06927083333333334
2 0.4075833333333333 0.5688541666666667 0.13991666666666666 0.07091666666666667