3 0.6870208333333333 0.17870833333333333 0.06964583333333334 0.06164583333333333
3 0.94775 0.16614583333333333 0.06452083333333333 0.0614375
3 0.8339791666666667 0.166375 0.06816666666666667 0.06189583333333334
11 0.9492291666666667 0.9345625 0.07708333333333334 0.07410416666666667
3 0.557125 0.17627083333333332 0.07452083333333334 0.06293750000000001
3 0.317625 0.18029166666666668 0.07904166666666666 0.06372916666666667
3 0.3142083333333333 0.5512708333333334 0.07366666666666667 0.059416666666666666
0 0.692875 0.04320833333333333 0.0834375 0.07170833333333333
2 0.8144583333333333 0.045187500000000005 0.07464583333333333 0.0751875
4 0.4438541666666667 0.04477083333333333 0.10991666666666666 0.07860416666666666
9 0.9433541666666667 0.8086041666666667 0.06854166666666667 0.065125
9 0.05529166666666666 0.8051666666666667 0.08252083333333333 0.06395833333333333
10 0.4140625 0.9414166666666667 0.11218750000000001 0.09270833333333334
9 0.6850625 0.7988333333333333 0.0705625 0.06427083333333333
6 0.30070833333333336 0.9429166666666667 0.08822916666666666 0.07133333333333333
1 0.5424791666666666 0.04477083333333333 0.09979166666666667 0.07610416666666667
9 0.43091666666666667 0.5639583333333333 0.0755625 0.064875
7 0.5586041666666667 0.942375 0.10893749999999999 0.09827083333333334
9 0.5610416666666667 0.8100625 0.07135416666666666 0.06177083333333333
9 0.8105416666666667 0.807125 0.06670833333333334 0.0614375
6 0.6933541666666667 0.92675 0.080625 0.07397916666666667
9 0.18847916666666667 0.807125 0.0778125 0.0674375
8 0.8037083333333332 0.9301666666666667 0.09589583333333333 0.07385416666666668
11 0.050812500000000003 0.9399375 0.09704166666666666 0.0886875
3 0.17614583333333333 0.1813958333333333 0.080375 0.06177083333333333
5 0.9570416666666667 0.04595833333333333 0.07922916666666667 0.07208333333333333
3 0.07183333333333333 0.18272916666666666 0.08197916666666667 0.06952083333333332
0 0.29614583333333333 0.05552083333333333 0.09252083333333333 0.07397916666666667
8 0.1779791666666667 0.9414166666666667 0.09874999999999999 0.07410416666666667