3 0.19397916666666667 0.3063958333333333 0.06560416666666666 0.06645833333333333
0 0.3168958333333334 0.2998125 0.06983333333333334 0.07629166666666666
9 0.7089791666666667 0.5693333333333332 0.06360416666666667 0.0611875
3 0.6870208333333333 0.42725 0.06610416666666667 0.06256250000000001
9 0.19408333333333333 0.7036041666666667 0.057916666666666665 0.05697916666666667
3 0.4409166666666666 0.4467708333333333 0.06347916666666667 0.06347916666666667
9 0.328125 0.7099583333333332 0.060770833333333336 0.059208333333333335
3 0.5625 0.302 0.0655 0.06420833333333334
6 0.43822916666666667 0.6836041666666667 0.07091666666666667 0.06964583333333334
9 0.5717708333333333 0.6894583333333333 0.060083333333333336 0.06152083333333334
8 0.8154375 0.45410416666666664 0.07452083333333334 0.07531249999999999
4 0.5556666666666668 0.050333333333333334 0.07935416666666667 0.09808333333333333
3 0.3234791666666667 0.1851875 0.06560416666666666 0.06731250000000001
9 0.07683333333333334 0.8247083333333334 0.058020833333333334 0.0584375
1 0.8286041666666667 0.1857916666666667 0.08464583333333334 0.09704166666666666
9 0.44897916666666665 0.5717708333333333 0.065125 0.06383333333333334
2 0.7011666666666667 0.30345833333333333 0.0751875 0.08660416666666666
10 0.9438541666666667 0.8129791666666667 0.09418750000000001 0.08385416666666666
9 0.8046875 0.7045833333333333 0.0680625 0.06085416666666667
3 0.8217708333333333 0.5917916666666667 0.058895833333333335 0.057187499999999995
3 0.0626875 0.1850625 0.06927083333333334 0.07227083333333333
7 0.32739583333333333 0.9252916666666666 0.08435416666666667 0.08385416666666666