0 0.30362500000000003 0.682125 0.133 0.06695833333333333
7 0.6450208333333334 0.9409166666666666 0.151 0.07860416666666666
8 0.6514375 0.5649375 0.12491666666666666 0.07879166666666666
9 0.7880833333333332 0.6962916666666668 0.0910625 0.06658333333333334
9 0.6796875 0.8207916666666667 0.08989583333333333 0.06420833333333334
9 0.9296875 0.8168958333333334 0.08727083333333334 0.06020833333333333
3 0.9179791666666667 0.42870833333333336 0.09039583333333333 0.064875
5 0.065125 0.8300833333333333 0.12891666666666668 0.06902083333333334
3 0.06585416666666667 0.5634791666666668 0.10320833333333333 0.06372916666666667
11 0.059000000000000004 0.1903125 0.1171875 0.07989583333333333
1 0.6582083333333333 0.17297916666666666 0.15147916666666666 0.10633333333333334
3 0.7973541666666667 0.3142083333333333 0.08477083333333332 0.0623125