3 0.18225 0.171625 0.0833125 0.06720833333333333
3 0.057291666666666664 0.17064583333333333 0.0834375 0.06585416666666667
3 0.3142083333333333 0.17077083333333334 0.0833125 0.06610416666666667
5 0.049041666666666664 0.05572916666666667 0.09808333333333333 0.0808125
3 0.4235833333333333 0.4336041666666667 0.07964583333333333 0.06560416666666666
6 0.2934583333333334 0.9365208333333332 0.09947916666666666 0.07366666666666667
2 0.2890625 0.3090833333333334 0.09283333333333334 0.07354166666666666
0 0.7963958333333333 0.5551666666666667 0.08208333333333333 0.07239583333333334
11 0.57325 0.9350625 0.09270833333333334 0.06952083333333332
9 0.31372916666666667 0.7719791666666667 0.08093750000000001 0.06164583333333333
3 0.536625 0.45410416666666664 0.06914583333333332 0.0624375
4 0.44506249999999997 0.04839583333333333 0.11418750000000001 0.09008333333333333
3 0.8037083333333332 0.18908333333333335 0.06720833333333333 0.06256250000000001
10 0.39818749999999997 0.9360416666666667 0.11437499999999999 0.0755625
5 0.5473541666666667 0.043604166666666666 0.0888125 0.07904166666666666
9 0.8056666666666668 0.7905208333333333 0.06983333333333334 0.06210416666666666
1 0.792 0.058770833333333335 0.10089583333333334 0.093875
8 0.6865208333333332 0.6875 0.08122916666666667 0.072625
9 0.29614583333333333 0.7085 0.078375 0.06360416666666667
3 0.9399375 0.3295833333333333 0.06395833333333333 0.0614375
9 0.43041666666666667 0.713375 0.07091666666666667 0.05541666666666667
7 0.82325 0.9409166666666666 0.09504166666666666 0.07275000000000001
9 0.6879791666666667 0.7934583333333334 0.07160416666666666 0.06256250000000001
11 0.06427083333333333 0.9199166666666667 0.10466666666666667 0.08122916666666667
9 0.06408333333333334 0.7094791666666667 0.0856875 0.06635416666666667
9 0.92725 0.7998125 0.06964583333333334 0.06310416666666667