1 0.786125 0.0526875 0.145625 0.105375
7 0.6464791666666667 0.9409166666666666 0.14904166666666668 0.07879166666666666
5 0.2937083333333333 0.8125 0.13 0.0701875
3 0.9311458333333333 0.18933333333333333 0.08960416666666667 0.07170833333333333
9 0.6806666666666668 0.8193333333333332 0.09172916666666667 0.06335416666666667
0 0.6431458333333333 0.06572916666666667 0.11733333333333333 0.0886875
3 0.06177083333333333 0.4401875 0.10358333333333333 0.0674375
3 0.7978541666666668 0.3125 0.08464583333333334 0.06360416666666667
9 0.932125 0.8149375 0.08727083333333334 0.06189583333333334
9 0.7890625 0.6953125 0.0935 0.0674375
11 0.6665 0.5976666666666667 0.1325625 0.0725
11 0.3969791666666667 0.049416666666666664 0.12572916666666667 0.09533333333333333