10 0.4669583333333333 0.9457916666666667 0.1849375 0.07420833333333333
11 0.6933541666666667 0.9545833333333333 0.145625 0.0699375
5 0.06347916666666667 0.06360416666666667 0.124625 0.083625
11 0.08322916666666667 0.9319583333333333 0.13789583333333333 0.0690625
9 0.07502083333333333 0.8042083333333333 0.1065 0.057291666666666664
3 0.20727083333333332 0.19518749999999999 0.11339583333333333 0.06645833333333333
3 0.7368125 0.3168958333333334 0.12335416666666667 0.0624375
3 0.0676875 0.20789583333333334 0.11279166666666667 0.07695833333333332
9 0.9492291666666667 0.6762708333333334 0.09979166666666667 0.0611875
9 0.3391041666666667 0.8378958333333333 0.11437499999999999 0.057708333333333334
9 0.1900625 0.8159166666666666 0.11841666666666667 0.06372916666666667
7 0.8517291666666666 0.9527916666666666 0.19633333333333333 0.0835625
3 0.3515625 0.31372916666666667 0.10820833333333332 0.0614375
0 0.4858333333333333 0.3164166666666667 0.15147916666666666 0.06879166666666667
2 0.203125 0.049124999999999995 0.14100000000000001 0.08093750000000001
9 0.6980833333333333 0.8105416666666667 0.11185416666666666 0.06597916666666667
9 0.473875 0.5703125 0.12066666666666667 0.06914583333333332
3 0.9548333333333333 0.1892083333333333 0.09033333333333333 0.0715
9 0.7978541666666668 0.82275 0.11658333333333333 0.058770833333333335
3 0.8527083333333334 0.19808333333333333 0.12441666666666666 0.06789583333333334
6 0.33325 0.9397708333333333 0.15558333333333335 0.0828125
5 0.7246041666666667 0.060083333333333336 0.13385416666666666 0.09047916666666667
0 0.7436458333333333 0.6875 0.15283333333333332 0.06585416666666667
3 0.7369791666666666 0.18741666666666665 0.116125 0.07312500000000001
6 0.3686458333333333 0.5493125 0.15429166666666666 0.07160416666666666
4 0.48535416666666664 0.04595833333333333 0.17835416666666667 0.0881875
1 0.8769583333333333 0.0568125 0.21256250000000002 0.09841666666666667