3 0.06983333333333334 0.2059375 0.112 0.07275000000000001
5 0.06256250000000001 0.06310416666666667 0.12275 0.08447916666666666
3 0.20531249999999998 0.19518749999999999 0.11102083333333333 0.06683333333333333
9 0.7924791666666666 0.8242291666666667 0.112 0.058770833333333335
3 0.6127916666666666 0.19945833333333332 0.11920833333333333 0.06475
2 0.20239583333333336 0.052520833333333336 0.14464583333333333 0.08283333333333333
3 0.3483958333333333 0.31445833333333334 0.10614583333333334 0.0623125
3 0.47681250000000003 0.20104166666666667 0.11535416666666666 0.06560416666666666
9 0.932625 0.8335 0.12695833333333334 0.07227083333333333
11 0.08149999999999999 0.9309791666666667 0.13810416666666667 0.07060416666666666
4 0.4814375 0.0468125 0.19377083333333334 0.09008333333333333
3 0.7449583333333333 0.19189583333333332 0.12016666666666667 0.06816666666666667
8 0.21375 0.9394583333333333 0.14733333333333334 0.06952083333333332
3 0.9529791666666667 0.1898125 0.0940625 0.0676875
9 0.20008333333333334 0.82275 0.11816666666666667 0.06408333333333334
6 0.7223333333333334 0.9500416666666667 0.15147916666666666 0.07531249999999999
6 0.46647916666666667 0.9454791666666666 0.18737499999999999 0.0803125
9 0.42725 0.8305625 0.11339583333333333 0.06854166666666667
7 0.6005833333333332 0.9506875 0.20893750000000003 0.09027083333333333
9 0.2990625 0.7915 0.11358333333333334 0.06110416666666666
1 0.6313541666666667 0.050124999999999996 0.21789583333333334 0.10024999999999999
0 0.7394166666666667 0.0545 0.1655625 0.08387499999999999
9 0.6855416666666667 0.8115208333333332 0.08979166666666667 0.0680625
2 0.8466875 0.0495 0.1325625 0.09058333333333332
11 0.9280625 0.9565416666666666 0.14352083333333335 0.065
9 0.11029166666666666 0.7958958333333332 0.11181250000000001 0.05654166666666667
9 0.5952083333333333 0.5805625 0.1096875 0.056125
5 0.9525208333333333 0.0885 0.09497916666666667 0.06902083333333334
0 0.35181250000000003 0.05479166666666667 0.17675000000000002 0.08266666666666667
6 0.33439583333333334 0.9394583333333333 0.15983333333333333 0.0851875
3 0.852375 0.20104166666666667 0.134125 0.0701875
8 0.8191666666666666 0.9573541666666666 0.15095833333333333 0.07893750000000001