11 0.058145833333333334 0.9414166666666667 0.11260416666666666 0.07366666666666667
8 0.5458958333333332 0.442625 0.13183333333333333 0.07806249999999999
0 0.05283333333333333 0.29564583333333333 0.10522916666666667 0.07160416666666666
6 0.7737916666666667 0.6914166666666667 0.11916666666666667 0.072875
3 0.5278333333333334 0.30102083333333335 0.09741666666666667 0.06695833333333333
9 0.4262708333333334 0.5639583333333333 0.09770833333333333 0.06360416666666667
3 0.2873541666666667 0.2937083333333333 0.0993125 0.06452083333333333
5 0.058020833333333334 0.04510416666666666 0.11418750000000001 0.08600000000000001
2 0.6635833333333333 0.3029791666666667 0.12633333333333333 0.0751875
9 0.921875 0.8032291666666667 0.08979166666666667 0.06879166666666667
9 0.6713958333333333 0.567375 0.094 0.0655
9 0.5493125 0.6987291666666666 0.09027083333333333 0.06731250000000001
8 0.40697916666666667 0.8120208333333333 0.13649999999999998 0.07410416666666667
0 0.42089583333333336 0.3095625 0.12683333333333333 0.0754375
6 0.29270833333333335 0.8144583333333333 0.13210416666666666 0.06683333333333333
4 0.263625 0.1756875 0.15404166666666666 0.09789583333333333
2 0.40991666666666665 0.17102083333333334 0.12854166666666667 0.07922916666666667
9 0.29272916666666665 0.7021458333333332 0.10302083333333334 0.0614375
9 0.177 0.8042083333333333 0.10070833333333334 0.06420833333333334
9 0.051354166666666666 0.8120208333333333 0.096375 0.06420833333333334
3 0.9238333333333333 0.17760416666666667 0.0883125 0.06635416666666667
3 0.6704166666666667 0.17333333333333334 0.09204166666666666 0.06645833333333333
3 0.1588125 0.2951666666666667 0.09618750000000001 0.06585416666666667
3 0.41479166666666667 0.4375 0.09039583333333333 0.059666666666666666
11 0.9257291666666667 0.92675 0.10570833333333333 0.07122916666666666
9 0.796875 0.8056666666666668 0.08587499999999999 0.057708333333333334
3 0.05389583333333334 0.43945833333333334 0.10285416666666666 0.06420833333333334
3 0.8061458333333333 0.17725 0.09504166666666666 0.06829166666666667
10 0.3975416666666666 0.9310833333333334 0.14529166666666665 0.0778125
1 0.5297916666666667 0.044125 0.15479166666666666 0.08825
7 0.5319166666666667 0.9311458333333333 0.15697916666666664 0.08166666666666668
5 0.91875 0.052083333333333336 0.11527083333333334 0.09583333333333334