6 0.43847916666666664 0.6831041666666666 0.07147916666666668 0.0700625
9 0.19420833333333334 0.703125 0.057583333333333334 0.057291666666666664
3 0.19420833333333334 0.30591666666666667 0.0655 0.06560416666666666
3 0.5634791666666668 0.3025 0.064875 0.06439583333333333
3 0.6870208333333333 0.4265208333333333 0.0655 0.06256250000000001
3 0.44164583333333335 0.44604166666666667 0.06383333333333334 0.06322916666666667
0 0.4475 0.16747916666666668 0.07079166666666666 0.08227083333333333
3 0.32397916666666665 0.1848125 0.06841666666666667 0.06854166666666667
1 0.8276458333333333 0.18420833333333334 0.08789583333333333 0.09685416666666667
9 0.32689583333333333 0.7085 0.059875 0.058895833333333335
9 0.5737291666666666 0.6894583333333333 0.06572916666666667 0.06210416666666666
9 0.44897916666666665 0.57275 0.06670833333333334 0.06110416666666666
3 0.06347916666666667 0.18445833333333334 0.0676875 0.0701875
2 0.7021458333333332 0.3025 0.07720833333333334 0.08758333333333333
3 0.8222708333333333 0.5913125 0.05835416666666667 0.05697916666666667
9 0.07720833333333334 0.8237291666666666 0.059666666666666666 0.059000000000000004
9 0.8032291666666667 0.7036041666666667 0.06164583333333333 0.059104166666666666
7 0.20093750000000002 0.8154375 0.08179166666666667 0.0785
8 0.8183541666666667 0.45337500000000003 0.08135416666666666 0.07489583333333334
4 0.5561458333333333 0.049770833333333334 0.07989583333333333 0.09808333333333333
9 0.7075208333333334 0.5698333333333333 0.0614375 0.05645833333333334
10 0.9438541666666667 0.8120208333333333 0.09252083333333333 0.08135416666666666