0 0.4501875 0.31054166666666666 0.07160416666666666 0.07502083333333333
3 0.19470833333333332 0.30541666666666667 0.06464583333333333 0.065125
0 0.19995833333333335 0.17089583333333333 0.07122916666666666 0.08008333333333333
3 0.06439583333333333 0.1848125 0.06902083333333334 0.07122916666666666
3 0.6914166666666667 0.31054166666666666 0.06597916666666667 0.06610416666666667
9 0.07720833333333334 0.8242291666666667 0.0584375 0.05835416666666667
4 0.4240625 0.051541666666666666 0.07860416666666666 0.09874999999999999
3 0.5639583333333333 0.30272916666666666 0.06597916666666667 0.06427083333333333
6 0.9438541666666667 0.5605416666666667 0.0785 0.07275000000000001
2 0.182375 0.052437500000000005 0.07708333333333334 0.09514583333333333
3 0.44164583333333335 0.4467708333333333 0.06395833333333333 0.06310416666666667
3 0.32445833333333335 0.18566666666666667 0.06816666666666667 0.06816666666666667
6 0.9589791666666667 0.177 0.07433333333333333 0.07860416666666666
9 0.5722708333333333 0.6889583333333333 0.06383333333333334 0.06256250000000001
5 0.06585416666666667 0.06197916666666667 0.0730625 0.0855625
7 0.5639583333333333 0.9394583333333333 0.08020833333333334 0.080625
1 0.9448333333333333 0.05552083333333333 0.08960416666666667 0.1014375
9 0.44897916666666665 0.57325 0.06597916666666667 0.06360416666666667
9 0.8037083333333332 0.8159166666666666 0.0611875 0.059541666666666666
3 0.8251875 0.1813958333333333 0.0611875 0.06310416666666667
9 0.19397916666666667 0.8217708333333333 0.058770833333333335 0.059208333333333335
9 0.32885416666666667 0.7089791666666667 0.058562499999999997 0.059208333333333335
10 0.3234791666666667 0.8168958333333334 0.07502083333333333 0.07422916666666667
5 0.6733333333333333 0.050041666666666665 0.07147916666666668 0.0863125
9 0.9296875 0.8271458333333332 0.06902083333333334 0.06475
11 0.07464583333333333 0.9365208333333332 0.07477083333333333 0.07135416666666666
9 0.692875 0.817375 0.06395833333333333 0.059875
2 0.4497083333333334 0.82275 0.07122916666666666 0.07708333333333334
11 0.9277291666666667 0.9526458333333333 0.08122916666666667 0.07610416666666667
8 0.6875 0.6860416666666667 0.07354166666666666 0.07752083333333333