9 0.525 0.41458333333333336 0.10833333333333334 0.07083333333333333
8 0.6552708333333332 0.6987291666666666 0.1169375 0.07135416666666666
9 0.6806666666666668 0.817875 0.09172916666666667 0.06475
2 0.39160416666666664 0.4392083333333333 0.1274375 0.07410416666666667
6 0.2799166666666667 0.57825 0.13672916666666665 0.075875
2 0.276125 0.307125 0.13341666666666668 0.07720833333333334
9 0.7988333333333333 0.8046875 0.08739583333333334 0.0628125
3 0.17664583333333334 0.19227083333333334 0.1014375 0.0675625
11 0.5556666666666668 0.9418958333333334 0.12377083333333333 0.07502083333333333
0 0.5371041666666667 0.30345833333333333 0.11902083333333334 0.07964583333333333
10 0.14110416666666667 0.6796875 0.14172916666666666 0.07610416666666667
3 0.5615208333333332 0.17822916666666666 0.09741666666666667 0.06695833333333333
0 0.7876041666666667 0.18370833333333333 0.11358333333333334 0.08270833333333334
3 0.7973541666666667 0.31177083333333333 0.0863125 0.06335416666666667
3 0.0584375 0.18787500000000001 0.10541666666666667 0.0701875
9 0.9301666666666667 0.8139583333333333 0.0888125 0.06097916666666667
4 0.40225000000000005 0.04804166666666666 0.15166666666666667 0.09368749999999999
7 0.8116666666666668 0.9384791666666668 0.14422916666666669 0.08270833333333334
5 0.6684583333333334 0.049041666666666664 0.1171875 0.09466666666666666
1 0.7871041666666667 0.057708333333333334 0.145875 0.10893749999999999
9 0.04629166666666666 0.8002916666666666 0.0888125 0.06189583333333334
3 0.9306666666666668 0.18860416666666666 0.08789583333333333 0.0700625
5 0.06622916666666666 0.04820833333333333 0.1276875 0.08947916666666668
9 0.1565 0.8149375 0.09845833333333333 0.06310416666666667
3 0.6899375 0.18114583333333334 0.09252083333333333 0.06866666666666667
11 0.06597916666666667 0.958 0.12914583333333335 0.07195833333333333
8 0.1874375 0.9702083333333333 0.14145833333333335 0.058229166666666665
6 0.29102083333333334 0.9449166666666666 0.13672916666666665 0.075875