5 0.058562499999999997 0.044000000000000004 0.11674999999999999 0.08495833333333333
6 0.9028333333333334 0.5761666666666667 0.1096875 0.07489583333333334
7 0.7846666666666666 0.932625 0.14831249999999999 0.0810625
11 0.058499999999999996 0.9399375 0.11699999999999999 0.07666666666666666
9 0.42260416666666667 0.567375 0.09704166666666666 0.06597916666666667
10 0.9057708333333333 0.6894583333333333 0.12879166666666667 0.07610416666666667
9 0.9257916666666667 0.8027291666666667 0.094 0.06879166666666667
9 0.5478541666666668 0.43775000000000003 0.09331249999999999 0.065125
9 0.29614583333333333 0.7060625 0.09770833333333333 0.0678125
0 0.14920833333333333 0.5712916666666668 0.13347916666666665 0.06891666666666667
11 0.6621041666666667 0.703125 0.109125 0.06841666666666667
4 0.2687916666666667 0.17675000000000002 0.14954166666666666 0.0935
9 0.051666666666666666 0.8110416666666667 0.1014375 0.06293750000000001
6 0.04602083333333333 0.567875 0.09172916666666667 0.06964583333333334
9 0.80175 0.5556666666666668 0.08758333333333333 0.05864583333333333
0 0.05429166666666666 0.29589583333333336 0.1066875 0.07422916666666667
1 0.7783125 0.051187500000000004 0.14366666666666666 0.10229166666666667
3 0.6728541666666668 0.17235416666666667 0.09039583333333333 0.06610416666666667
3 0.5429791666666667 0.31297916666666664 0.09368749999999999 0.06658333333333334
5 0.2939375 0.041666666666666664 0.12914583333333335 0.0833125
3 0.055125 0.4389583333333333 0.10266666666666667 0.065
3 0.9252916666666666 0.177375 0.08727083333333334 0.06622916666666666
3 0.807125 0.29785416666666664 0.08897916666666666 0.06439583333333333
3 0.5409791666666667 0.5472291666666667 0.10139583333333334 0.06389583333333333