6 0.3251875 0.5756875 0.0706875 0.07104166666666667
7 0.20947916666666666 0.9355416666666667 0.07752083333333333 0.0754375
3 0.20166666666666666 0.5620208333333333 0.0676875 0.0674375
9 0.19470833333333332 0.7036041666666667 0.05835416666666667 0.057187499999999995
9 0.44945833333333335 0.5707916666666667 0.06464583333333333 0.06427083333333333
2 0.6728541666666668 0.32445833333333335 0.07977083333333333 0.07879166666666666
3 0.6879791666666667 0.42725 0.06525 0.06304166666666668
3 0.0678125 0.6987291666666666 0.06585416666666667 0.065125
8 0.542 0.3086041666666667 0.07410416666666667 0.07366666666666667
4 0.4404375 0.8271458333333332 0.08252083333333333 0.08312499999999999
3 0.8217708333333333 0.5922916666666667 0.058145833333333334 0.05835416666666667
9 0.7075208333333334 0.5693333333333332 0.06210416666666666 0.05625
1 0.8291041666666668 0.18689583333333332 0.08600000000000001 0.09912499999999999
9 0.8027291666666667 0.7045833333333333 0.06658333333333334 0.06335416666666667
10 0.9277291666666667 0.9467708333333333 0.08312499999999999 0.06708333333333334
0 0.44945833333333335 0.1673125 0.06816666666666667 0.08527083333333334