6 0.29291666666666666 0.8120208333333333 0.1321875 0.06731250000000001
9 0.177375 0.8032291666666667 0.10247916666666666 0.0626875
9 0.4201666666666667 0.5664166666666667 0.09966666666666667 0.0680625
3 0.6728541666666668 0.17102083333333334 0.09172916666666667 0.06670833333333334
3 0.41504166666666664 0.43627083333333333 0.09204166666666666 0.058562499999999997
5 0.29589583333333336 0.041666666666666664 0.12879166666666667 0.08333333333333333
3 0.5288125 0.2998125 0.09966666666666667 0.0679375
8 0.40581249999999996 0.8115208333333332 0.14072916666666666 0.07147916666666668
3 0.05552083333333333 0.43775000000000003 0.10558333333333333 0.06475
9 0.051354166666666666 0.8107500000000001 0.09966666666666667 0.06327083333333333
8 0.5434583333333334 0.4401875 0.12683333333333333 0.08020833333333334
0 0.05389583333333334 0.2944375 0.1066875 0.07422916666666667
9 0.29125 0.6972708333333333 0.09966666666666667 0.0603125
4 0.2684166666666667 0.175125 0.15222916666666667 0.09645833333333333
9 0.67 0.5654375 0.09383333333333334 0.06560416666666666
3 0.8061458333333333 0.29785416666666664 0.08679166666666666 0.06395833333333333
5 0.059333333333333335 0.043270833333333335 0.11779166666666667 0.08416666666666667
2 0.6660208333333333 0.30102083333333335 0.12547916666666667 0.0754375
3 0.1581875 0.4348125 0.1045 0.06372916666666667
0 0.42114583333333333 0.307625 0.12420833333333332 0.07752083333333333
10 0.9067291666666667 0.6879791666666667 0.13135416666666666 0.07531249999999999
11 0.05864583333333333 0.9394583333333333 0.11674999999999999 0.07477083333333333
3 0.9248125 0.177 0.08660416666666666 0.06560416666666666
1 0.7778333333333334 0.0516875 0.146125 0.10335416666666666
6 0.8992916666666667 0.5756875 0.11579166666666667 0.07502083333333333
9 0.9238333333333333 0.8027291666666667 0.09058333333333332 0.0676875
9 0.80175 0.5537083333333332 0.08710416666666668 0.059875
2 0.4157708333333333 0.1693125 0.12402083333333333 0.0778125
11 0.6538125 0.9389166666666667 0.11579166666666667 0.06941666666666667
7 0.7788958333333333 0.9316458333333333 0.14520833333333333 0.080625