0 0.448 0.1693125 0.0703125 0.08227083333333333
3 0.4414166666666667 0.4484791666666667 0.0626875 0.0628125
6 0.43847916666666664 0.6840833333333334 0.06964583333333334 0.06841666666666667
7 0.20129166666666667 0.817375 0.08179166666666667 0.08227083333333333
3 0.6870208333333333 0.42870833333333336 0.06525 0.06256250000000001
3 0.5639583333333333 0.30443749999999997 0.06572916666666667 0.06560416666666666
9 0.4492291666666667 0.5722708333333333 0.06210416666666666 0.06439583333333333
9 0.7075208333333334 0.5707916666666667 0.06152083333333334 0.060083333333333336
9 0.5737291666666666 0.6914166666666667 0.06622916666666666 0.06525
9 0.29883333333333334 0.5703125 0.057187499999999995 0.057916666666666665
9 0.19493749999999999 0.7041041666666668 0.06164583333333333 0.059333333333333335
1 0.8295833333333333 0.18775 0.08495833333333333 0.09741666666666667
3 0.8222708333333333 0.59375 0.058895833333333335 0.058229166666666665
3 0.06560416666666666 0.45264583333333336 0.0680625 0.06731250000000001
9 0.8027291666666667 0.7060625 0.0626875 0.058770833333333335
2 0.6733333333333333 0.3256875 0.08239583333333332 0.08093750000000001
3 0.20104166666666667 0.5629791666666667 0.06708333333333334 0.06622916666666666
8 0.8168958333333334 0.45508333333333334 0.0755625 0.07366666666666667
10 0.6684583333333334 0.9262708333333334 0.07641666666666666 0.06927083333333334
4 0.06020833333333333 0.06645833333333333 0.07935416666666667 0.10070833333333334