3 0.4406666666666667 0.44897916666666665 0.0624375 0.0624375
3 0.5634791666666668 0.30443749999999997 0.06525 0.06452083333333333
3 0.6870208333333333 0.42845833333333333 0.06475 0.0624375
10 0.323 0.817875 0.07629166666666666 0.0731875
11 0.07464583333333333 0.9370208333333333 0.07410416666666667 0.07170833333333333
7 0.5654375 0.9418958333333334 0.08270833333333334 0.08122916666666667
3 0.8198333333333333 0.4575208333333334 0.0628125 0.0614375
6 0.5488333333333333 0.8183541666666667 0.07183333333333333 0.06891666666666667
9 0.9292083333333333 0.8266666666666667 0.06731250000000001 0.0701875
9 0.8027291666666667 0.817875 0.06097916666666667 0.059416666666666666
0 0.198125 0.17285416666666667 0.07135416666666666 0.07977083333333333
9 0.07666666666666666 0.8266666666666667 0.058562499999999997 0.0584375
8 0.4501875 0.8081041666666666 0.07502083333333333 0.0701875
9 0.19177083333333333 0.82275 0.06177083333333333 0.05975
5 0.065125 0.06360416666666667 0.07489583333333334 0.08770833333333333
3 0.19433333333333333 0.307375 0.06560416666666666 0.06597916666666667
9 0.4506875 0.5737291666666666 0.06572916666666667 0.0626875
3 0.32325 0.18639583333333334 0.06866666666666667 0.06866666666666667
9 0.3251875 0.7104583333333333 0.06177083333333333 0.058562499999999997
4 0.44579166666666664 0.3168958333333334 0.07806249999999999 0.08789583333333333
9 0.5693333333333332 0.6909166666666666 0.06658333333333334 0.0611875
3 0.06256250000000001 0.18652083333333333 0.0678125 0.0701875
9 0.6918958333333334 0.817375 0.06427083333333333 0.06041666666666667
2 0.18164583333333334 0.05441666666666667 0.07752083333333333 0.09589583333333333
1 0.8188541666666667 0.1851875 0.08385416666666666 0.09754166666666667
5 0.9487291666666666 0.07160416666666666 0.07891666666666668 0.0856875