3 0.8037083333333332 0.19824999999999998 0.06572916666666667 0.059875
3 0.18152083333333333 0.17810416666666665 0.08093750000000001 0.06525
3 0.28002083333333333 0.4194375 0.07860416666666666 0.06610416666666667
5 0.6733333333333333 0.6889583333333333 0.0886875 0.07227083333333333
3 0.057583333333333334 0.17652083333333335 0.07964583333333333 0.06372916666666667
7 0.05560416666666667 0.5542083333333333 0.10820833333333332 0.078375
9 0.3032291666666667 0.5542083333333333 0.080375 0.06427083333333333
9 0.0628125 0.7163125 0.08600000000000001 0.06695833333333333
3 0.9384791666666668 0.3376458333333333 0.06420833333333334 0.060083333333333336
1 0.7929791666666667 0.06708333333333334 0.10375 0.09533333333333333
11 0.8086041666666667 0.9438541666666667 0.0863125 0.07208333333333333
6 0.5458958333333332 0.9375 0.09075000000000001 0.07385416666666668
5 0.4250416666666667 0.9457916666666667 0.09504166666666666 0.06829166666666667