9 0.19433333333333333 0.7055625 0.058145833333333334 0.057291666666666664
3 0.6875 0.42920833333333336 0.06585416666666667 0.06177083333333333
3 0.4414166666666667 0.4492291666666667 0.06293750000000001 0.0624375
3 0.5634791666666668 0.30493750000000003 0.06610416666666667 0.064875
9 0.7085 0.5722708333333333 0.0614375 0.058020833333333334
3 0.1953125 0.3078541666666667 0.06610416666666667 0.06731250000000001
0 0.44654166666666667 0.17102083333333334 0.0699375 0.08135416666666666
2 0.6723541666666667 0.3266666666666667 0.07825 0.07695833333333332
3 0.317875 0.29735416666666664 0.06560416666666666 0.06635416666666667
8 0.8168958333333334 0.4558125 0.075875 0.07227083333333333
7 0.20214583333333333 0.8159166666666666 0.08154166666666667 0.0808125
9 0.5742291666666667 0.6914166666666667 0.06164583333333333 0.06210416666666666
9 0.08527083333333334 0.5747083333333334 0.0570625 0.0575
9 0.32787499999999997 0.7119166666666668 0.0614375 0.06041666666666667
6 0.43847916666666664 0.6845625 0.0706875 0.0700625
9 0.4509375 0.5742291666666667 0.0623125 0.0626875
4 0.9252916666666666 0.053000000000000005 0.09039583333333333 0.10358333333333333
9 0.8037083333333332 0.7060625 0.06197916666666667 0.059666666666666666
3 0.06475 0.453125 0.0680625 0.06683333333333333
3 0.8222708333333333 0.59375 0.058895833333333335 0.0575
1 0.8291041666666668 0.18689583333333332 0.0856875 0.09827083333333334
10 0.9550208333333334 0.82275 0.08995833333333333 0.08252083333333333