3 0.3151041666666667 0.16927083333333334 0.09114583333333333 0.078125
3 0.5605416666666667 0.18006250000000001 0.07079166666666666 0.06408333333333334
3 0.4470208333333333 0.16529166666666667 0.078375 0.06408333333333334
3 0.18272916666666666 0.16991666666666666 0.080625 0.06635416666666667
3 0.05677083333333333 0.16845833333333332 0.0834375 0.06645833333333333
3 0.682125 0.17541666666666667 0.07275000000000001 0.06395833333333333
3 0.911125 0.17566666666666667 0.06670833333333334 0.06439583333333333
3 0.8032291666666667 0.18702083333333333 0.06670833333333334 0.0624375
9 0.9277291666666667 0.7993125 0.0679375 0.06304166666666668
9 0.807125 0.7871041666666667 0.07135416666666666 0.06322916666666667
9 0.6894583333333333 0.7910208333333333 0.07135416666666666 0.06597916666666667
9 0.29564583333333333 0.7836875 0.07239583333333334 0.06816666666666667
9 0.18310416666666668 0.8081041666666666 0.0810625 0.06914583333333332
9 0.42725 0.8164166666666667 0.08283333333333333 0.06597916666666667
9 0.0679375 0.8032291666666667 0.083625 0.06645833333333333
5 0.9293541666666666 0.06683333333333333 0.08447916666666666 0.07964583333333333
5 0.04841666666666666 0.0548125 0.09683333333333333 0.08020833333333334
11 0.9179791666666667 0.9223541666666667 0.07793749999999999 0.06708333333333334
11 0.065375 0.9145416666666667 0.10558333333333333 0.07122916666666666
8 0.18554166666666666 0.92725 0.09302083333333333 0.07641666666666666
8 0.796875 0.942875 0.07825 0.07793749999999999
6 0.6748125 0.9184583333333334 0.08375 0.0680625
6 0.2937083333333333 0.9336041666666667 0.096375 0.07079166666666666
10 0.4001458333333333 0.9355416666666667 0.11579166666666667 0.07489583333333334
7 0.5629791666666667 0.9311458333333333 0.11066666666666666 0.07793749999999999
2 0.18497916666666667 0.0439375 0.09416666666666668 0.083625
0 0.692375 0.05175 0.08710416666666668 0.0834375
2 0.8242291666666667 0.058145833333333334 0.07720833333333334 0.08758333333333333
0 0.31983333333333336 0.0439375 0.09368749999999999 0.07904166666666666
4 0.442875 0.04858333333333333 0.11316666666666667 0.09075000000000001
1 0.5434583333333334 0.04779166666666667 0.11383333333333333 0.08989583333333333
9 0.5639583333333333 0.8056666666666668 0.07641666666666666 0.06597916666666667