9 0.5527708333333333 0.5597291666666667 0.08333333333333333 0.07777083333333333
9 0.9510625 0.8047291666666666 0.07050000000000001 0.06749999999999999
9 0.8064166666666667 0.8188541666666667 0.06697916666666666 0.06064583333333333
9 0.17627083333333332 0.8154375 0.0805 0.06816666666666667
9 0.3100625 0.8105416666666667 0.080625 0.06395833333333333
9 0.07708333333333334 0.82275 0.08508333333333334 0.065125
3 0.4499583333333333 0.18006250000000001 0.07170833333333333 0.06304166666666668
3 0.34497916666666667 0.17029166666666665 0.0730625 0.0674375
3 0.21141666666666667 0.1849375 0.07331249999999999 0.059416666666666666
3 0.05835416666666667 0.20166666666666666 0.0731875 0.07135416666666666
3 0.6850625 0.18604166666666666 0.07104166666666667 0.059416666666666666
3 0.8061458333333333 0.16747916666666668 0.07195833333333333 0.0655
3 0.9213958333333333 0.17664583333333334 0.06914583333333332 0.06210416666666666
2 0.6865208333333332 0.3168958333333334 0.07989583333333333 0.072625
2 0.30225 0.32787499999999997 0.09485416666666667 0.07160416666666666
3 0.5649375 0.43872916666666667 0.07079166666666666 0.058895833333333335
8 0.7988333333333333 0.4404375 0.08283333333333333 0.07752083333333333
6 0.310875 0.5405208333333333 0.09677083333333333 0.0731875
0 0.30054166666666665 0.049958333333333334 0.09754166666666667 0.07170833333333333
5 0.06110416666666666 0.04010416666666667 0.06110416666666666 0.06983333333333334
0 0.6777291666666667 0.04725 0.08947916666666668 0.07331249999999999
1 0.5366458333333333 0.06085416666666667 0.1153125 0.0754375
4 0.42360416666666667 0.059541666666666666 0.12018749999999999 0.07122916666666666
9 0.6947500000000001 0.817375 0.0754375 0.0655
9 0.44483333333333336 0.8129791666666667 0.07891666666666668 0.06310416666666667
7 0.5458541666666666 0.9449583333333333 0.11220833333333333 0.09456250000000001
10 0.4454166666666667 0.9514166666666667 0.11177083333333333 0.0971875
6 0.29320833333333335 0.9145416666666667 0.09504166666666666 0.07354166666666666
8 0.1857916666666667 0.9360416666666667 0.094 0.080625
11 0.04745833333333334 0.963875 0.09491666666666668 0.0584375
11 0.94775 0.9379791666666667 0.07502083333333333 0.07629166666666666
5 0.92725 0.0655 0.08435416666666667 0.07239583333333334