3 0.18262499999999998 0.171625 0.08270833333333334 0.06816666666666667
9 0.6870208333333333 0.792 0.06952083333333332 0.06347916666666667
3 0.8046875 0.18822916666666664 0.06572916666666667 0.06041666666666667
3 0.9399375 0.32787499999999997 0.06708333333333334 0.06420833333333334
9 0.06585416666666667 0.7089791666666667 0.0834375 0.06383333333333334
11 0.06670833333333334 0.917 0.10614583333333334 0.07683333333333334
7 0.5537083333333332 0.8105416666666667 0.10285416666666666 0.07433333333333333
5 0.557625 0.0558125 0.09008333333333333 0.08312499999999999
5 0.9375 0.44335416666666666 0.07793749999999999 0.06879166666666667
9 0.43066666666666664 0.7114166666666667 0.07135416666666666 0.059104166666666666
3 0.3146875 0.16979166666666667 0.07977083333333333 0.0678125
6 0.43652083333333336 0.5458958333333332 0.09331249999999999 0.07275000000000001
9 0.30566666666666664 0.5463958333333333 0.0805 0.065
1 0.7915 0.0570625 0.10320833333333333 0.09435416666666667
3 0.05633333333333333 0.16893750000000002 0.07945833333333334 0.0678125