0 0.31933333333333336 0.044187500000000005 0.09552083333333333 0.080375
10 0.4001458333333333 0.9345625 0.11595833333333333 0.07489583333333334
3 0.44408333333333333 0.16699999999999998 0.07752083333333333 0.06439583333333333
3 0.057583333333333334 0.16893750000000002 0.08727083333333334 0.06829166666666667
9 0.182375 0.8090833333333334 0.0833125 0.0675625
5 0.04889583333333333 0.055125 0.09777083333333333 0.0808125
5 0.9296875 0.0679375 0.08385416666666666 0.07945833333333334
9 0.6889583333333333 0.792 0.0675625 0.06222916666666667
9 0.06670833333333334 0.8042083333333333 0.08270833333333334 0.06658333333333334
2 0.286875 0.3086041666666667 0.09283333333333334 0.07170833333333333
3 0.18187499999999998 0.17139583333333333 0.08227083333333333 0.06695833333333333
8 0.6865208333333332 0.6879791666666667 0.0808125 0.07452083333333334
3 0.8037083333333332 0.18787500000000001 0.06572916666666667 0.0603125
3 0.31322916666666667 0.16883333333333334 0.083 0.0678125
6 0.2934583333333334 0.9331041666666666 0.09845833333333333 0.0675625
4 0.442625 0.049958333333333334 0.10893749999999999 0.09058333333333332
11 0.065375 0.9165 0.1043125 0.07354166666666666
7 0.5625 0.9311458333333333 0.10797916666666667 0.07695833333333332
9 0.29883333333333334 0.7832083333333333 0.07793749999999999 0.0623125
0 0.692875 0.053187500000000006 0.08770833333333333 0.083
9 0.8066458333333333 0.7880833333333332 0.07170833333333333 0.0628125
9 0.431875 0.7114166666666667 0.07422916666666667 0.059000000000000004
1 0.6752916666666666 0.19275 0.10877083333333333 0.08600000000000001
3 0.5356458333333334 0.45239583333333333 0.0676875 0.06197916666666667
9 0.92725 0.7993125 0.06879166666666667 0.06310416666666667
3 0.9399375 0.3266666666666667 0.06585416666666667 0.06210416666666666
11 0.9160208333333333 0.9243125 0.078375 0.0680625
2 0.5483333333333333 0.5410208333333333 0.09770833333333333 0.07366666666666667