9 0.2915 0.8086041666666667 0.09656250000000001 0.05541666666666667
8 0.15629166666666666 0.932125 0.13658333333333333 0.07135416666666666
9 0.052437500000000005 0.8100625 0.09722916666666667 0.06420833333333334
10 0.4000208333333333 0.9290416666666667 0.146875 0.07702083333333333
11 0.9248125 0.9243125 0.10722916666666667 0.0699375
11 0.057374999999999995 0.9394583333333333 0.10893749999999999 0.07610416666666667
6 0.6552708333333332 0.9331041666666666 0.11797916666666668 0.06939583333333334
3 0.41333333333333333 0.4345625 0.09222916666666667 0.058770833333333335
3 0.1615 0.17750000000000002 0.097375 0.0679375
9 0.17579166666666665 0.8012708333333334 0.104125 0.06439583333333333
4 0.41150000000000003 0.04547916666666666 0.15220833333333333 0.09093749999999999
9 0.5502916666666666 0.7011666666666667 0.08770833333333333 0.0628125
8 0.7975208333333333 0.9248125 0.13239583333333332 0.07452083333333334
9 0.9223541666666667 0.80175 0.0915625 0.06866666666666667
9 0.67675 0.7963958333333333 0.09331249999999999 0.06347916666666667
9 0.42602083333333335 0.5620208333333333 0.09504166666666666 0.064875
7 0.5282083333333333 0.9306666666666668 0.14554166666666665 0.07935416666666667
3 0.2915 0.17272916666666666 0.10210416666666666 0.06927083333333334
3 0.5278333333333334 0.2990625 0.096375 0.0675625
2 0.17389583333333333 0.0435 0.13927083333333332 0.083625
5 0.058229166666666665 0.044270833333333336 0.11066666666666666 0.08495833333333333
3 0.06310416666666667 0.16539583333333333 0.10247916666666666 0.06927083333333334
3 0.6684583333333334 0.16968750000000002 0.08947916666666668 0.0679375
0 0.30529166666666663 0.04108333333333333 0.14539583333333334 0.0810625
1 0.5294583333333333 0.04458333333333333 0.154125 0.08802083333333334
2 0.6621041666666667 0.3000416666666667 0.12891666666666668 0.075875
9 0.7958958333333332 0.8037083333333332 0.08647916666666666 0.058895833333333335
6 0.6455 0.567875 0.12610416666666666 0.075875