8 0.6528333333333334 0.567375 0.12000000000000001 0.07806249999999999
0 0.307125 0.6845625 0.12891666666666668 0.06829166666666667
3 0.9179791666666667 0.43091666666666667 0.08789583333333333 0.06420833333333334
7 0.6430625 0.942875 0.14635416666666667 0.07666666666666666
9 0.9306666666666668 0.8183541666666667 0.0910625 0.06475
9 0.6801666666666667 0.8207916666666667 0.09466666666666666 0.07122916666666666
3 0.7973541666666667 0.3164166666666667 0.0861875 0.06293750000000001
3 0.064875 0.5654375 0.10839583333333333 0.06622916666666666
9 0.7871041666666667 0.69825 0.09039583333333333 0.06683333333333333
5 0.06447916666666667 0.8295833333333333 0.12895833333333334 0.06891666666666667
1 0.6606458333333334 0.17383333333333334 0.15197916666666667 0.1066875
11 0.0548125 0.04714583333333333 0.106875 0.0883125