3 0.18370833333333333 0.17149999999999999 0.08239583333333332 0.0674375
3 0.8056666666666668 0.18835416666666666 0.06572916666666667 0.059875
9 0.4328541666666667 0.7119166666666668 0.07091666666666667 0.058145833333333334
3 0.9409166666666666 0.32689583333333333 0.06585416666666667 0.0624375
5 0.5610416666666667 0.050499999999999996 0.09075000000000001 0.08154166666666667
5 0.9287083333333332 0.7001875 0.0755625 0.06597916666666667
9 0.6884791666666668 0.792 0.06829166666666667 0.06310416666666667
1 0.7944375 0.057916666666666665 0.1014375 0.09485416666666667
6 0.3100625 0.692875 0.0910625 0.07275000000000001
9 0.06597916666666667 0.7089791666666667 0.08508333333333334 0.0655
7 0.55225 0.82325 0.1045 0.07904166666666666
3 0.28320833333333334 0.411375 0.07891666666666668 0.06464583333333333
3 0.058229166666666665 0.16858333333333334 0.08312499999999999 0.06525
9 0.30591666666666667 0.5458958333333332 0.0808125 0.06610416666666667
11 0.6757916666666667 0.942375 0.0861875 0.07122916666666666
5 0.028208333333333332 0.16052083333333333 0.028270833333333335 0.043604166666666666