9 0.19420833333333334 0.817875 0.11279166666666667 0.059541666666666666
11 0.08539583333333334 0.9287083333333332 0.13025 0.064875
9 0.7963958333333333 0.82275 0.1175625 0.060083333333333336
9 0.4672708333333333 0.6962916666666668 0.12335416666666667 0.05677083333333333
3 0.8530208333333333 0.31908333333333333 0.12829166666666666 0.06464583333333333
3 0.22204166666666666 0.4353125 0.11395833333333334 0.06420833333333334
6 0.33470833333333333 0.9399375 0.14929166666666666 0.07879166666666666
7 0.8505833333333332 0.9516666666666667 0.182375 0.07904166666666666
0 0.4868125 0.3154375 0.1545416666666667 0.0705625
11 0.6953125 0.9565416666666666 0.14660416666666667 0.0680625
1 0.8779375 0.06097916666666667 0.20495833333333333 0.09504166666666666
4 0.5058541666666667 0.44556250000000003 0.17664583333333334 0.07825
3 0.7412083333333332 0.18762500000000001 0.11737500000000001 0.0628125
5 0.5919583333333333 0.06322916666666667 0.14285416666666664 0.0833125
9 0.7070208333333333 0.8134791666666668 0.12377083333333333 0.06293750000000001
9 0.9497083333333334 0.6764375 0.09789583333333333 0.0614375
3 0.9565833333333333 0.18872916666666667 0.0868125 0.06708333333333334
5 0.4739583333333333 0.06954166666666667 0.15427083333333333 0.08789583333333333
7 0.9510416666666667 0.5677291666666666 0.09789583333333333 0.0679375