7 0.599125 0.9492291666666667 0.19835416666666666 0.09027083333333333
9 0.34008333333333335 0.8359375 0.11418750000000001 0.0624375
9 0.19227083333333334 0.817375 0.11554166666666667 0.06360416666666667
9 0.9350625 0.8300833333333333 0.12000000000000001 0.07122916666666666
10 0.47460416666666666 0.9483958333333333 0.1814375 0.07904166666666666
3 0.35033333333333333 0.31372916666666667 0.10858333333333332 0.06210416666666666
8 0.8230833333333333 0.9565416666666666 0.16047916666666667 0.07410416666666667
11 0.0805 0.9277291666666667 0.13683333333333333 0.06020833333333333
9 0.8007916666666667 0.8222708333333333 0.11920833333333333 0.06164583333333333
3 0.06914583333333332 0.20422916666666666 0.11127083333333333 0.06891666666666667
5 0.06322916666666667 0.06335416666666667 0.1223125 0.08227083333333333
3 0.4873125 0.4409166666666666 0.11816666666666667 0.06293750000000001
6 0.338875 0.9418958333333334 0.15662500000000001 0.07825
9 0.7041041666666668 0.8100625 0.12145833333333332 0.06658333333333334
3 0.20654166666666668 0.1955625 0.11181250000000001 0.06622916666666666
2 0.20629166666666665 0.051666666666666666 0.14904166666666668 0.083
8 0.349375 0.6752916666666666 0.1434375 0.07422916666666667
3 0.9526041666666667 0.19458333333333336 0.09479166666666666 0.07964583333333333
3 0.6103541666666668 0.19872916666666668 0.119375 0.06525
2 0.8518958333333334 0.04839583333333333 0.14216666666666666 0.09008333333333333
9 0.07964583333333333 0.8056666666666668 0.1095 0.05625
9 0.473875 0.5693333333333332 0.111625 0.060083333333333336
9 0.5917916666666667 0.5771458333333332 0.12000000000000001 0.059541666666666666
5 0.9522291666666667 0.08727083333333334 0.09554166666666666 0.07208333333333333
3 0.7431666666666668 0.18741666666666665 0.12670833333333334 0.06804166666666665
0 0.3420416666666667 0.0564375 0.15587499999999999 0.0800625
4 0.4865625 0.0474375 0.19454166666666667 0.08789583333333333
1 0.6290625 0.051187500000000004 0.2170416666666667 0.09485416666666667
3 0.8484375 0.20110416666666667 0.13229166666666667 0.07602083333333334
0 0.7447916666666666 0.05697916666666667 0.1646875 0.0826875
6 0.7234791666666667 0.9529583333333334 0.13829166666666665 0.06641666666666667
11 0.9375 0.9585 0.12335416666666667 0.05310416666666666