3 0.8344791666666667 0.166625 0.06939583333333334 0.0623125
9 0.5795833333333333 0.4401875 0.075875 0.0628125
3 0.6870208333333333 0.17810416666666665 0.07170833333333333 0.0623125
3 0.94775 0.16614583333333333 0.06572916666666667 0.06222916666666667
8 0.6943333333333332 0.682125 0.091375 0.0730625
3 0.0701875 0.18604166666666666 0.083625 0.0614375
0 0.417 0.18114583333333334 0.08947916666666668 0.0700625
0 0.6933541666666667 0.042874999999999996 0.08312499999999999 0.0705625
11 0.05204166666666667 0.9433541666666667 0.09204166666666666 0.07806249999999999
2 0.5722708333333333 0.5566458333333333 0.0885 0.07502083333333333
3 0.177 0.182125 0.0808125 0.06408333333333334
3 0.317875 0.18102083333333333 0.08020833333333334 0.065
9 0.6845625 0.7998125 0.0699375 0.06347916666666667
1 0.2876041666666667 0.0559375 0.11029166666666666 0.07695833333333332
8 0.42235416666666664 0.9194375 0.09656250000000001 0.07104166666666667
11 0.9487291666666666 0.9355416666666667 0.07666666666666666 0.07489583333333334
6 0.19714583333333333 0.432625 0.0910625 0.06695833333333333
6 0.7231458333333334 0.5493125 0.08154166666666667 0.072625
2 0.3139583333333333 0.30664583333333334 0.08312499999999999 0.06720833333333333
9 0.05441666666666667 0.8061458333333333 0.08283333333333333 0.06452083333333333
9 0.8095625 0.8066458333333333 0.064875 0.05975
9 0.9448333333333333 0.8105416666666667 0.06610416666666667 0.05975
5 0.4414166666666667 0.0570625 0.09368749999999999 0.07422916666666667
5 0.9575208333333334 0.04689583333333334 0.07708333333333334 0.07135416666666666
7 0.5586041666666667 0.9443333333333332 0.10541666666666667 0.0966875
9 0.18847916666666667 0.8081041666666666 0.07945833333333334 0.06420833333333334