4 0.267125 0.17664583333333334 0.16179166666666667 0.1043125
6 0.8985833333333333 0.5747083333333334 0.1143125 0.07385416666666668
5 0.058770833333333335 0.043520833333333335 0.11595833333333333 0.08527083333333334
10 0.9052708333333332 0.6894583333333333 0.13 0.07575
0 0.05266666666666667 0.2944375 0.10531249999999999 0.07464583333333333
9 0.42114583333333333 0.5664166666666667 0.09741666666666667 0.06572916666666667
3 0.6723541666666667 0.17089583333333333 0.08897916666666666 0.06585416666666667
3 0.05397916666666667 0.43797916666666664 0.10247916666666666 0.06360416666666667
9 0.546875 0.43775000000000003 0.0989375 0.06372916666666667
3 0.5234375 0.286125 0.09283333333333334 0.06560416666666666
3 0.8056666666666668 0.29735416666666664 0.08758333333333333 0.065125
3 0.9243125 0.17652083333333335 0.0863125 0.06597916666666667
9 0.9228541666666668 0.80175 0.08710416666666668 0.06670833333333334
9 0.8002916666666666 0.5546875 0.08758333333333333 0.058770833333333335
9 0.051083333333333335 0.8105416666666667 0.10016666666666667 0.06256250000000001
9 0.29662499999999997 0.7045833333333333 0.0993125 0.06622916666666666
11 0.059416666666666666 0.9389583333333333 0.11579166666666667 0.07654166666666667
3 0.41308333333333336 0.4357916666666667 0.09204166666666666 0.057374999999999995
5 0.2937083333333333 0.04127083333333333 0.12793749999999998 0.08254166666666667
8 0.40339583333333334 0.8100625 0.1366875 0.07170833333333333
1 0.776375 0.0533125 0.146125 0.10320833333333333
7 0.780625 0.9306666666666668 0.14858333333333332 0.07922916666666667
9 0.04485416666666667 0.5664166666666667 0.08897916666666666 0.06952083333333332
2 0.5385833333333333 0.5561458333333333 0.12939583333333332 0.07079166666666666
0 0.1484375 0.5698333333333333 0.13416666666666668 0.0699375
11 0.661125 0.703125 0.11066666666666666 0.06902083333333334