3 0.4265208333333333 0.17675000000000002 0.09418750000000001 0.0678125
3 0.17541666666666667 0.19104166666666667 0.09874999999999999 0.0680625
3 0.057708333333333334 0.18664583333333334 0.1019375 0.07091666666666667
2 0.6539583333333333 0.30420833333333336 0.12872916666666667 0.07977083333333333
3 0.5605416666666667 0.17750000000000002 0.09770833333333333 0.06902083333333334
5 0.917 0.043145833333333335 0.11377083333333333 0.08627083333333332
0 0.296875 0.04672916666666667 0.1276875 0.08691666666666667
5 0.06127083333333334 0.042333333333333334 0.11516666666666667 0.08179166666666667
9 0.5376666666666666 0.5758125 0.09802083333333332 0.06660416666666666
2 0.17054166666666667 0.04804166666666666 0.14014583333333333 0.08477083333333332
4 0.4096666666666666 0.04689583333333334 0.15258333333333332 0.09222916666666667
9 0.7993125 0.805375 0.08739583333333334 0.06720833333333333
11 0.9374166666666667 0.9521458333333332 0.1095 0.07104166666666667
9 0.9306666666666668 0.8129791666666667 0.0861875 0.0623125
9 0.2905833333333333 0.7167291666666666 0.1009375 0.06972916666666666
9 0.04595833333333333 0.8011874999999999 0.08895833333333333 0.07320833333333333
9 0.4122291666666667 0.8208541666666667 0.10416666666666667 0.07279166666666666
9 0.15914583333333335 0.8150625 0.10466666666666667 0.07160416666666666
9 0.6868125 0.8155416666666666 0.100875 0.06247916666666666
11 0.065375 0.9565416666666666 0.12658333333333333 0.07331249999999999
8 0.18635416666666668 0.9726458333333333 0.1358125 0.05420833333333333
6 0.2905416666666667 0.9453125 0.13570833333333335 0.07104166666666667
3 0.3027708333333334 0.41181249999999997 0.11110416666666666 0.07083333333333333
3 0.925 0.18541666666666667 0.11110416666666666 0.07083333333333333
3 0.6902916666666666 0.17985416666666668 0.11110416666666666 0.07083333333333333
10 0.43333333333333335 0.9388958333333334 0.14166666666666666 0.08889583333333334
7 0.5402708333333333 0.9333333333333333 0.16110416666666666 0.08333333333333333