6 0.6557708333333333 0.932625 0.12000000000000001 0.07091666666666667
9 0.050812500000000003 0.8100625 0.09789583333333333 0.0626875
7 0.5282291666666666 0.933375 0.16358333333333333 0.080375
8 0.7993125 0.9243125 0.12879166666666667 0.07531249999999999
9 0.2907708333333333 0.8086041666666667 0.09770833333333333 0.057583333333333334
9 0.7954166666666667 0.8027291666666667 0.0863125 0.059000000000000004
11 0.92675 0.9238333333333333 0.106875 0.07122916666666666
10 0.40222916666666664 0.9295416666666667 0.147875 0.08056250000000001
9 0.921875 0.8002916666666666 0.08979166666666667 0.06829166666666667
9 0.1746875 0.8027291666666667 0.10052083333333334 0.06383333333333334
9 0.42089583333333336 0.7988333333333333 0.11297916666666666 0.06110416666666666
11 0.056416666666666664 0.9389583333333333 0.11285416666666667 0.0731875
9 0.5317291666666667 0.7924791666666666 0.1169375 0.06408333333333334
9 0.682625 0.7958958333333332 0.10466666666666667 0.0626875
6 0.28804166666666664 0.9370208333333333 0.13535416666666666 0.07433333333333333
8 0.1519375 0.9349166666666666 0.14920833333333333 0.07818750000000001
3 0.5586041666666667 0.16004166666666667 0.10033333333333333 0.0675625
3 0.29125 0.16504166666666667 0.10033333333333333 0.06891666666666667
3 0.6708958333333332 0.1615 0.09252083333333333 0.0674375
3 0.42139583333333336 0.17310416666666667 0.09252083333333333 0.064875
3 0.1643125 0.21397916666666666 0.0966875 0.0705625
0 0.31297916666666664 0.048125 0.12987500000000002 0.0883125
3 0.0674375 0.17149999999999999 0.10125 0.06866666666666667
5 0.05602083333333333 0.051270833333333335 0.11202083333333333 0.08897916666666666
2 0.14989583333333334 0.06964583333333334 0.13574999999999998 0.09466666666666666