9 0.55625 0.44375 0.10693749999999999 0.07360416666666666
3 0.059666666666666666 0.18979166666666666 0.104125 0.07133333333333333
6 0.27131249999999996 0.7086666666666667 0.14385416666666667 0.07814583333333333
9 0.932625 0.8168958333333334 0.09235416666666667 0.06360416666666667
10 0.41431250000000003 0.5712916666666668 0.14635416666666667 0.08270833333333334
4 0.401375 0.04704166666666666 0.14733333333333334 0.09408333333333332
9 0.0496875 0.8048333333333333 0.0949375 0.06787499999999999
11 0.068 0.9575208333333334 0.13597916666666665 0.07793749999999999
8 0.4140625 0.8125 0.13916666666666666 0.07275000000000001
7 0.8149375 0.9399375 0.1431875 0.08270833333333334
3 0.9306666666666668 0.19116666666666668 0.0888125 0.0705625
5 0.6699375 0.05272916666666667 0.13041666666666668 0.1021875
3 0.7983333333333333 0.31445833333333334 0.08660416666666666 0.06197916666666667
3 0.5625 0.18054166666666666 0.09570833333333333 0.06879166666666667
9 0.7988333333333333 0.8066458333333333 0.090875 0.064875
11 0.5556666666666668 0.9453125 0.12335416666666667 0.0755625
5 0.16364583333333332 0.04183333333333333 0.128875 0.08364583333333334
9 0.6801666666666667 0.8207916666666667 0.0910625 0.0676875
0 0.7876041666666667 0.18639583333333334 0.11218750000000001 0.08270833333333334
2 0.4053333333333333 0.6961458333333332 0.1396875 0.07814583333333333
9 0.15941666666666665 0.8173333333333334 0.11160416666666667 0.07064583333333332
3 0.6902708333333333 0.19235416666666666 0.09847916666666667 0.07295833333333333
1 0.7872916666666666 0.05872916666666667 0.15402083333333336 0.11745833333333335