3 0.8193333333333332 0.4331041666666666 0.06939583333333334 0.06347916666666667
3 0.7050833333333333 0.2790625 0.07433333333333333 0.06525
3 0.30664583333333334 0.17149999999999999 0.07935416666666667 0.06304166666666668
3 0.17310416666666667 0.18335416666666668 0.080375 0.06310416666666667
11 0.5537083333333332 0.817875 0.08404166666666667 0.07397916666666667
9 0.8066458333333333 0.8086041666666667 0.065125 0.0603125
9 0.051270833333333335 0.807625 0.07989583333333333 0.06427083333333333
0 0.3403333333333334 0.3078541666666667 0.08989583333333333 0.0706875
8 0.6909166666666666 0.6840833333333334 0.0910625 0.07227083333333333
3 0.0679375 0.18835416666666666 0.0833125 0.06452083333333333
9 0.578125 0.31275000000000003 0.072875 0.060770833333333336
7 0.8203125 0.9106458333333334 0.09966666666666667 0.093875
1 0.2844166666666667 0.058145833333333334 0.11181250000000001 0.07793749999999999
9 0.6811458333333333 0.80175 0.07147916666666668 0.065125
9 0.317375 0.5581041666666666 0.07739583333333333 0.06322916666666667
3 0.9448333333333333 0.16833333333333333 0.06525 0.06293750000000001
9 0.9438541666666667 0.6660208333333333 0.06560416666666666 0.06085416666666667
5 0.432625 0.057708333333333334 0.09368749999999999 0.07366666666666667
6 0.4414166666666667 0.786625 0.0833125 0.0674375
0 0.07079166666666666 0.41820833333333335 0.09912499999999999 0.06866666666666667