9 0.29662499999999997 0.8115208333333332 0.10741666666666667 0.05633333333333333
8 0.40502083333333333 0.8129791666666667 0.13747916666666665 0.06983333333333334
6 0.6547291666666666 0.9336666666666668 0.12587500000000001 0.06939583333333334
10 0.4036458333333333 0.9296875 0.14364583333333333 0.07654166666666667
9 0.9233333333333333 0.8037083333333332 0.08739583333333334 0.06720833333333333
11 0.9287083333333332 0.9262708333333334 0.10285416666666666 0.06964583333333334
9 0.17810416666666665 0.8037083333333332 0.10522916666666667 0.06658333333333334
9 0.4282291666666667 0.5629791666666667 0.09552083333333333 0.06866666666666667
11 0.059104166666666666 0.9404375 0.11437499999999999 0.07183333333333333
9 0.7963958333333333 0.8042083333333333 0.0863125 0.057791666666666665
9 0.051083333333333335 0.8110416666666667 0.09912499999999999 0.06395833333333333
6 0.6455 0.5722708333333333 0.12335416666666667 0.07397916666666667
3 0.6708958333333332 0.17260416666666664 0.09204166666666666 0.06645833333333333
5 0.9184583333333334 0.0519375 0.112 0.0886875
9 0.5532291666666667 0.7011666666666667 0.09618750000000001 0.06395833333333333
9 0.6801041666666666 0.7993125 0.09589583333333333 0.0624375
3 0.9252916666666666 0.177375 0.0883125 0.06597916666666667
3 0.5268541666666666 0.3002916666666666 0.09704166666666666 0.06622916666666666
3 0.2934583333333334 0.17285416666666667 0.10229166666666667 0.06879166666666667
3 0.807125 0.17652083333333335 0.09485416666666667 0.06879166666666667
3 0.41283333333333333 0.43652083333333336 0.09172916666666667 0.058770833333333335
3 0.16358333333333333 0.1799375 0.09618750000000001 0.0678125
8 0.6689375 0.6889583333333333 0.11395833333333334 0.07091666666666667
2 0.6640625 0.3015208333333333 0.12633333333333333 0.07641666666666666
3 0.06560416666666666 0.166625 0.10320833333333333 0.0679375
0 0.42139583333333336 0.3095625 0.124875 0.07629166666666666
5 0.057791666666666665 0.044125 0.11560416666666667 0.08825
0 0.301875 0.042625 0.13639583333333333 0.08208333333333333
2 0.17810416666666665 0.046625 0.13683333333333333 0.08227083333333333
1 0.5345416666666666 0.0468125 0.1616875 0.08979166666666667
4 0.4189583333333333 0.04639583333333333 0.16889583333333333 0.0883125
7 0.532125 0.9353333333333332 0.15891666666666668 0.084875