6 0.3249583333333333 0.57275 0.07239583333333334 0.07147916666666668
7 0.21056249999999999 0.9340833333333334 0.07629166666666666 0.07708333333333334
4 0.44164583333333335 0.8242291666666667 0.07904166666666666 0.0810625
3 0.6884791666666668 0.4245625 0.06645833333333333 0.06475
3 0.82325 0.588875 0.058145833333333334 0.057291666666666664
3 0.20214583333333333 0.5605416666666667 0.0679375 0.06731250000000001
9 0.19470833333333332 0.7006875 0.06020833333333333 0.059208333333333335
1 0.8291041666666668 0.182375 0.08600000000000001 0.10016666666666667
0 0.44433333333333336 0.21802083333333336 0.0703125 0.08179166666666667
2 0.6987291666666666 0.3103125 0.07935416666666667 0.07935416666666667
9 0.4501875 0.5693333333333332 0.06525 0.06304166666666668
3 0.06816666666666667 0.6972708333333333 0.06658333333333334 0.064875
9 0.7065416666666666 0.5629791666666667 0.06085416666666667 0.06622916666666666
9 0.8037083333333332 0.7001875 0.06293750000000001 0.0603125
10 0.19835416666666666 0.16210416666666666 0.07641666666666666 0.09485416666666667