6 0.32689583333333333 0.5766666666666667 0.0704375 0.06952083333333332
9 0.4555625 0.5737291666666666 0.06041666666666667 0.0623125
3 0.065 0.5707916666666667 0.06622916666666666 0.06427083333333333
8 0.8183541666666667 0.4553125 0.07935416666666667 0.07341666666666667
2 0.6738333333333333 0.3251875 0.07922916666666667 0.0785
9 0.5742291666666667 0.6918958333333334 0.06464583333333333 0.06152083333333334
3 0.20325000000000001 0.5639583333333333 0.0679375 0.06695833333333333
3 0.5654375 0.30443749999999997 0.06427083333333333 0.064875
1 0.8310625 0.18712499999999999 0.08587499999999999 0.09770833333333333
9 0.7089791666666667 0.5707916666666667 0.06152083333333334 0.0603125
3 0.6884791666666668 0.4279791666666667 0.06427083333333333 0.06256250000000001
3 0.8237291666666666 0.59375 0.059104166666666666 0.057583333333333334
0 0.44945833333333335 0.1691875 0.0703125 0.08447916666666666
7 0.20350000000000001 0.9345625 0.07666666666666666 0.07739583333333333
9 0.19470833333333332 0.7050833333333333 0.056125 0.05697916666666667
9 0.8042083333333333 0.7050833333333333 0.06110416666666666 0.057708333333333334
4 0.8056666666666668 0.94775 0.08495833333333333 0.08093750000000001