9 0.07752083333333333 0.8251875 0.058895833333333335 0.058020833333333334
4 0.44654166666666667 0.3156666666666667 0.07891666666666668 0.0886875
3 0.19518749999999999 0.30591666666666667 0.064875 0.06525
0 0.19958333333333333 0.17174999999999999 0.07208333333333333 0.08197916666666667
3 0.6879791666666667 0.4279791666666667 0.06597916666666667 0.0624375
3 0.4418958333333334 0.44825 0.06310416666666667 0.0628125
3 0.5644583333333333 0.30345833333333333 0.065375 0.06383333333333334
9 0.57325 0.6899375 0.06020833333333333 0.06110416666666666
10 0.32397916666666665 0.8168958333333334 0.07666666666666666 0.07422916666666667
3 0.06452083333333333 0.1857916666666667 0.0678125 0.07079166666666666
9 0.19408333333333333 0.8212916666666668 0.06085416666666667 0.059541666666666666
3 0.8222708333333333 0.458 0.06110416666666666 0.059666666666666666
5 0.9453125 0.8369166666666668 0.07720833333333334 0.07331249999999999
7 0.32689583333333333 0.9262708333333334 0.07945833333333334 0.07879166666666666
9 0.45116666666666666 0.5742291666666667 0.06683333333333333 0.06177083333333333
3 0.3242291666666667 0.18604166666666666 0.06635416666666667 0.0678125
9 0.32616666666666666 0.7089791666666667 0.059958333333333336 0.058562499999999997
9 0.8042083333333333 0.817375 0.0603125 0.059333333333333335
6 0.5488333333333333 0.817375 0.0704375 0.06927083333333334
9 0.692875 0.8193333333333332 0.06408333333333334 0.0584375
5 0.06597916666666667 0.06322916666666667 0.07275000000000001 0.0863125
1 0.8207916666666667 0.18456250000000002 0.0833125 0.09589583333333333
2 0.44164583333333335 0.17481249999999998 0.07366666666666667 0.09204166666666666
11 0.4516666666666667 0.9345625 0.0705625 0.06983333333333334
8 0.7021458333333332 0.713875 0.080375 0.07122916666666666
11 0.9277291666666667 0.9536041666666667 0.08020833333333334 0.07654166666666667