6 0.3320416666666667 0.9370208333333333 0.14783333333333332 0.07208333333333333
1 0.8784166666666666 0.059104166666666666 0.20116666666666666 0.09533333333333333
0 0.484375 0.31445833333333334 0.15587499999999999 0.06964583333333334
3 0.35058333333333336 0.31372916666666667 0.10760416666666667 0.0626875
3 0.7382916666666667 0.3154375 0.12189583333333333 0.06164583333333333
9 0.9497083333333334 0.6748125 0.09704166666666666 0.06383333333333334
5 0.06304166666666668 0.06395833333333333 0.124625 0.0834375
9 0.34302083333333333 0.8373958333333333 0.11920833333333333 0.06041666666666667
11 0.0751875 0.9287083333333332 0.14270833333333333 0.0624375
9 0.8007916666666667 0.8217708333333333 0.11595833333333333 0.057291666666666664
9 0.18860416666666666 0.817875 0.12170833333333334 0.06164583333333333
3 0.8527083333333334 0.20014583333333333 0.11564583333333332 0.07104166666666667
2 0.19824999999999998 0.04958333333333333 0.15283333333333332 0.08283333333333333
3 0.9553958333333333 0.19054166666666666 0.08920833333333333 0.08552083333333332
3 0.20691666666666667 0.19493749999999999 0.11418750000000001 0.06683333333333333
4 0.4829166666666667 0.04525 0.19539583333333335 0.08677083333333332
3 0.0679375 0.20385416666666664 0.11377083333333333 0.06854166666666667
9 0.07597916666666667 0.8046875 0.10577083333333334 0.05645833333333334
6 0.3654791666666667 0.5488333333333333 0.14758333333333334 0.072625
11 0.6918958333333334 0.9511666666666667 0.14270833333333333 0.0700625
9 0.703125 0.8105416666666667 0.12420833333333332 0.06475
3 0.73925 0.18835416666666666 0.11595833333333333 0.06347916666666667
7 0.8510833333333333 0.949375 0.1925 0.07989583333333333
9 0.4570416666666667 0.45264583333333336 0.12189583333333333 0.06222916666666667
5 0.5864375000000001 0.06479166666666666 0.15764583333333335 0.08416666666666667
10 0.7378125 0.69575 0.1925 0.07989583333333333