3 0.06841666666666667 0.20629166666666665 0.111625 0.06914583333333332
11 0.07810416666666667 0.9309791666666667 0.14754166666666665 0.07060416666666666
6 0.36693749999999997 0.5488333333333333 0.15027083333333333 0.07160416666666666
3 0.20704166666666665 0.19493749999999999 0.11127083333333333 0.06597916666666667
9 0.1866875 0.817375 0.12229166666666667 0.06256250000000001
9 0.3391041666666667 0.8403333333333334 0.11535416666666666 0.058895833333333335
5 0.06189583333333334 0.06395833333333333 0.12085416666666667 0.08227083333333333
3 0.35108333333333336 0.3139583333333333 0.10839583333333333 0.06189583333333334
6 0.3343125 0.9448333333333333 0.158375 0.09039583333333333
3 0.9497083333333334 0.1898125 0.09270833333333334 0.06560416666666666
3 0.73975 0.18895833333333334 0.11658333333333333 0.0603125
9 0.8002916666666666 0.8207916666666667 0.11877083333333333 0.0603125
9 0.9323958333333333 0.833 0.1351875 0.07452083333333334
9 0.07470833333333333 0.8051666666666667 0.11120833333333334 0.059000000000000004
3 0.7373125 0.3168958333333334 0.11962500000000001 0.06164583333333333
0 0.48560416666666667 0.3159166666666666 0.14783333333333332 0.06854166666666667
2 0.20350000000000001 0.0519375 0.14783333333333332 0.08312499999999999
8 0.7202083333333333 0.708 0.15258333333333332 0.07079166666666666
7 0.595375 0.9443333333333332 0.19091666666666668 0.0885
9 0.47452083333333334 0.5737291666666666 0.11995833333333333 0.06658333333333334
9 0.7032916666666666 0.8090833333333334 0.11952083333333333 0.06310416666666667
3 0.854 0.20008333333333334 0.13208333333333333 0.06670833333333334
4 0.48372916666666665 0.049937499999999996 0.19747916666666668 0.09302083333333333
2 0.8797291666666667 0.06066666666666667 0.20149999999999998 0.09702083333333333
11 0.9331041666666666 0.9521458333333332 0.1331875 0.06622916666666666
0 0.3422916666666667 0.058312499999999996 0.17297916666666666 0.083
5 0.7317708333333334 0.06277083333333333 0.1475 0.082
10 0.470375 0.9440416666666667 0.19091666666666668 0.0885