7 0.8447291666666668 0.9492291666666667 0.192875 0.07806249999999999
11 0.07825 0.9282291666666667 0.13758333333333334 0.06256250000000001
5 0.06304166666666668 0.0628125 0.12512500000000001 0.08495833333333333
4 0.48485416666666664 0.0446875 0.177 0.08939583333333333
9 0.06902083333333334 0.8042083333333333 0.09874999999999999 0.058229166666666665
10 0.47331249999999997 0.9464583333333334 0.18622916666666667 0.0761875
6 0.36791666666666667 0.5493125 0.1545416666666667 0.07385416666666668
9 0.1850625 0.817875 0.12987500000000002 0.059958333333333336
9 0.6990625 0.8107083333333333 0.11954166666666667 0.06764583333333334
3 0.9537916666666667 0.18958333333333333 0.09243749999999999 0.07602083333333334
3 0.35108333333333336 0.31322916666666667 0.10741666666666667 0.06197916666666667
3 0.0705625 0.20435416666666667 0.11260416666666666 0.06983333333333334
3 0.20727083333333332 0.19518749999999999 0.11395833333333334 0.06622916666666666
9 0.4731458333333334 0.5742291666666667 0.11920833333333333 0.07354166666666666
11 0.6875 0.9594791666666667 0.145875 0.06020833333333333
2 0.20325000000000001 0.049124999999999995 0.14366666666666666 0.08154166666666667
9 0.3358541666666667 0.8378958333333333 0.11339583333333333 0.06064583333333333
0 0.4865625 0.3159166666666666 0.14977083333333333 0.06927083333333334
3 0.7387708333333334 0.3164166666666667 0.11962500000000001 0.0628125
9 0.9516666666666667 0.6811458333333333 0.09656250000000001 0.05560416666666667
3 0.7436458333333333 0.18787500000000001 0.124875 0.0614375
1 0.8748333333333334 0.058020833333333334 0.20345833333333332 0.09466666666666666
9 0.7949166666666667 0.8207916666666667 0.11797916666666668 0.059333333333333335
8 0.7197291666666668 0.7085 0.14783333333333332 0.0705625
0 0.8525416666666668 0.5546875 0.15587499999999999 0.06952083333333332
3 0.8520416666666667 0.20154166666666665 0.13158333333333333 0.06841666666666667
6 0.3342291666666667 0.9365208333333332 0.15960416666666666 0.07739583333333333
5 0.72575 0.06560416666666666 0.14241666666666666 0.09585416666666666