3 0.536625 0.4548333333333333 0.0679375 0.06256250000000001
2 0.28783333333333333 0.3107916666666667 0.09235416666666667 0.07275000000000001
3 0.057791666666666665 0.16968750000000002 0.0855625 0.0675625
9 0.42943749999999997 0.713375 0.0678125 0.05645833333333334
3 0.182125 0.17174999999999999 0.0834375 0.06695833333333333
3 0.9404375 0.32910416666666664 0.06708333333333334 0.0626875
1 0.7939375 0.059208333333333335 0.0989375 0.096
9 0.6855416666666667 0.7929791666666667 0.07331249999999999 0.06304166666666668
7 0.8217708333333333 0.9350625 0.09172916666666667 0.07752083333333333
3 0.42383333333333334 0.4340833333333334 0.07989583333333333 0.065
5 0.048666666666666664 0.0558125 0.09735416666666666 0.08093750000000001
11 0.5737291666666666 0.9360416666666667 0.09283333333333334 0.06952083333333332
11 0.065 0.9179791666666667 0.10633333333333334 0.07904166666666666
4 0.8056666666666668 0.43066666666666664 0.10033333333333333 0.078375
3 0.3139583333333333 0.17089583333333333 0.08227083333333333 0.06658333333333334
3 0.8042083333333333 0.18895833333333334 0.06670833333333334 0.06097916666666667
6 0.16747916666666668 0.7876041666666667 0.09685416666666667 0.06927083333333334
5 0.921875 0.6816458333333333 0.07922916666666667 0.0678125
9 0.31445833333333334 0.7719791666666667 0.08122916666666667 0.0628125
9 0.2946875 0.708 0.08008333333333333 0.06420833333333334
9 0.06475 0.7099583333333332 0.08477083333333332 0.06610416666666667
10 0.807625 0.5688541666666667 0.09552083333333333 0.075875