0 0.212375 0.31077083333333333 0.103 0.07291666666666667
0 0.33960416666666665 0.3063958333333333 0.09075000000000001 0.0701875
3 0.171875 0.18152083333333333 0.07964583333333333 0.06322916666666667
3 0.30541666666666667 0.17029166666666665 0.08020833333333334 0.0628125
3 0.051083333333333335 0.4123541666666667 0.08252083333333333 0.0623125
9 0.31664583333333335 0.5566458333333333 0.07922916666666667 0.06427083333333333
3 0.8183541666666667 0.43091666666666667 0.06841666666666667 0.06452083333333333
3 0.9370208333333333 0.3025 0.06816666666666667 0.06439583333333333
11 0.5532291666666667 0.8164166666666667 0.08477083333333332 0.07275000000000001
6 0.7060625 0.2941875 0.08197916666666667 0.06964583333333334
8 0.6904375 0.6831041666666666 0.09270833333333334 0.07502083333333333
9 0.567375 0.18445833333333334 0.0751875 0.0624375
5 0.5688541666666667 0.043125 0.08539583333333334 0.07354166666666666
9 0.9438541666666667 0.6630833333333332 0.06670833333333334 0.06256250000000001
1 0.28539583333333335 0.0570625 0.1095 0.0778125
9 0.6816458333333333 0.8002916666666666 0.07502083333333333 0.065125
9 0.8066458333333333 0.807125 0.06610416666666667 0.05975
9 0.05175 0.8056666666666668 0.08208333333333333 0.06622916666666666
7 0.8198333333333333 0.9096666666666666 0.096375 0.09204166666666666