3 0.31297916666666664 0.17102083333333334 0.07945833333333334 0.0678125
3 0.182 0.17054166666666667 0.08208333333333333 0.0674375
9 0.065125 0.7094791666666667 0.08404166666666667 0.06560416666666666
3 0.8037083333333332 0.18797916666666667 0.06720833333333333 0.06164583333333333
5 0.6962916666666668 0.049770833333333334 0.09302083333333333 0.0805
9 0.30541666666666667 0.546875 0.08385416666666666 0.064875
9 0.6836041666666667 0.792 0.07597916666666667 0.06360416666666667
9 0.4331041666666666 0.713375 0.072875 0.0558125
6 0.16833333333333333 0.7876041666666667 0.10016666666666667 0.06841666666666667
5 0.7954166666666667 0.432125 0.08312499999999999 0.0680625
11 0.06572916666666667 0.9184583333333334 0.1045 0.07935416666666667
1 0.7954166666666667 0.057291666666666664 0.09827083333333334 0.09435416666666667
3 0.9399375 0.32837500000000003 0.064875 0.0614375
3 0.05489583333333334 0.17004166666666667 0.08020833333333334 0.065
7 0.6640625 0.9433541666666667 0.09320833333333334 0.07708333333333334
3 0.432125 0.5620208333333333 0.094 0.06914583333333332
11 0.57275 0.4265208333333333 0.09172916666666667 0.07275000000000001