6 0.6540833333333332 0.9331041666666666 0.12429166666666666 0.06914583333333332
11 0.059104166666666666 0.9399375 0.11658333333333333 0.07610416666666667
6 0.7746875000000001 0.6909166666666666 0.116125 0.07239583333333334
9 0.5502916666666666 0.7016666666666667 0.09222916666666667 0.06395833333333333
11 0.9243125 0.9257916666666667 0.11127083333333333 0.07122916666666666
9 0.9248125 0.8027291666666667 0.09039583333333333 0.06841666666666667
4 0.26577083333333335 0.17610416666666667 0.15460416666666665 0.09579166666666666
9 0.6713958333333333 0.5664166666666667 0.09235416666666667 0.0679375
9 0.42845833333333333 0.5644583333333333 0.09741666666666667 0.06408333333333334
2 0.6645416666666667 0.30225 0.12658333333333333 0.0755625
3 0.28931250000000003 0.29320833333333335 0.10285416666666666 0.06464583333333333
0 0.296875 0.042229166666666665 0.12914583333333335 0.0834375
10 0.40239583333333334 0.9277291666666667 0.14779166666666665 0.07275000000000001
8 0.539 0.44164583333333335 0.13462500000000002 0.07629166666666666
3 0.9248125 0.17760416666666667 0.08802083333333334 0.06585416666666667
8 0.4025416666666667 0.8134791666666668 0.13439583333333335 0.0701875
9 0.796875 0.8046875 0.08477083333333332 0.057916666666666665
9 0.051458333333333335 0.8110416666666667 0.0989375 0.06464583333333333
9 0.2937083333333333 0.8110416666666667 0.10089583333333334 0.05664583333333333
9 0.17675000000000002 0.8046875 0.10358333333333333 0.06293750000000001
3 0.6713958333333333 0.17200000000000001 0.09320833333333334 0.06695833333333333
5 0.0584375 0.04477083333333333 0.1145625 0.08660416666666666
2 0.411375 0.17077083333333334 0.13183333333333333 0.0778125
0 0.41991666666666666 0.3093333333333333 0.12547916666666667 0.07502083333333333
3 0.5268541666666666 0.3000416666666667 0.09856250000000001 0.0676875
3 0.8056666666666668 0.17627083333333332 0.0935 0.06841666666666667
3 0.06525 0.166625 0.10558333333333333 0.06829166666666667
3 0.15270833333333333 0.2944375 0.10108333333333334 0.06560416666666666
3 0.41283333333333333 0.43627083333333333 0.09302083333333333 0.059416666666666666
1 0.5319375000000001 0.04439583333333333 0.15445833333333334 0.08879166666666666
5 0.917 0.051270833333333335 0.11127083333333333 0.08979166666666667
7 0.5246041666666666 0.9328333333333333 0.148625 0.08072916666666667