0 0.7963958333333333 0.5542083333333333 0.080375 0.0704375
3 0.182 0.172125 0.08312499999999999 0.0679375
8 0.6855416666666667 0.6879791666666667 0.07977083333333333 0.07239583333333334
3 0.059000000000000004 0.17004166666666667 0.0861875 0.06902083333333334
9 0.29760416666666667 0.7836875 0.07666666666666666 0.06222916666666667
9 0.42993750000000003 0.7123958333333333 0.07147916666666668 0.0559375
1 0.6748125 0.19347916666666667 0.10760416666666667 0.08587499999999999
6 0.2937083333333333 0.9345625 0.09827083333333334 0.06983333333333334
9 0.18370833333333333 0.8115208333333332 0.07945833333333334 0.06452083333333333
2 0.2873541666666667 0.3107916666666667 0.09504166666666666 0.07195833333333333
0 0.1796875 0.5639583333333333 0.0935 0.0725
10 0.39818749999999997 0.9355416666666667 0.11418750000000001 0.07695833333333332
5 0.04889583333333333 0.0558125 0.09777083333333333 0.080625
3 0.42212500000000003 0.43083333333333335 0.078375 0.06475
8 0.31152083333333336 0.6699166666666667 0.09741666666666667 0.06464583333333333
9 0.0679375 0.8037083333333332 0.08239583333333332 0.06720833333333333
9 0.8061458333333333 0.7900416666666668 0.0704375 0.06152083333333334
4 0.44116666666666665 0.0485 0.11339583333333333 0.08989583333333333
3 0.9384791666666668 0.32739583333333333 0.06670833333333334 0.06256250000000001
5 0.9301666666666667 0.06964583333333334 0.0833125 0.08179166666666667
3 0.31347916666666664 0.17041666666666666 0.08135416666666666 0.06695833333333333
11 0.06322916666666667 0.917 0.10175000000000001 0.07397916666666667
3 0.8037083333333332 0.1892083333333333 0.06347916666666667 0.060083333333333336
11 0.6845625 0.9438541666666667 0.0855625 0.0705625
3 0.536125 0.45239583333333333 0.0679375 0.06293750000000001
7 0.8247083333333334 0.9404375 0.09204166666666666 0.07366666666666667
9 0.6884791666666668 0.7924791666666666 0.07195833333333333 0.06439583333333333
9 0.9277291666666667 0.7998125 0.06964583333333334 0.06210416666666666