9 0.17652083333333335 0.5786041666666667 0.10125 0.06927083333333334
3 0.6635833333333333 0.1746875 0.09172916666666667 0.06708333333333334
0 0.05414583333333333 0.29564583333333333 0.10827083333333333 0.078375
9 0.5483333333333333 0.43822916666666667 0.09552083333333333 0.06597916666666667
3 0.5439375 0.31297916666666664 0.09485416666666667 0.06645833333333333
9 0.9228541666666668 0.8032291666666667 0.08647916666666666 0.0700625
9 0.41772916666666665 0.5693333333333332 0.09704166666666666 0.06695833333333333
3 0.92675 0.17822916666666666 0.08727083333333334 0.06695833333333333
3 0.060520833333333336 0.4389583333333333 0.11279166666666667 0.065375
6 0.049416666666666664 0.5664166666666667 0.09685416666666667 0.0706875
3 0.6757916666666667 0.6870208333333333 0.08385416666666666 0.056125
10 0.9034166666666666 0.30745833333333333 0.13272916666666668 0.09560416666666667
6 0.671875 0.31224999999999997 0.12145833333333332 0.08166666666666668
5 0.064875 0.0456875 0.11066666666666666 0.08447916666666666
9 0.8110416666666667 0.5395416666666667 0.08375 0.0603125
7 0.7784791666666667 0.9316458333333333 0.14641666666666667 0.07860416666666666
9 0.051395833333333335 0.8056666666666668 0.10279166666666667 0.05541666666666667
3 0.807625 0.29810416666666667 0.08600000000000001 0.06731250000000001
1 0.7817291666666667 0.05633333333333333 0.1429375 0.10797916666666667
5 0.29662499999999997 0.041375 0.12891666666666668 0.08277083333333332
4 0.0530625 0.9082083333333333 0.10614583333333334 0.08416666666666667