9 0.5263958333333333 0.41181249999999997 0.10833333333333334 0.07360416666666666
8 0.6513125 0.6997083333333334 0.1245 0.07195833333333333
2 0.38964583333333336 0.4396875 0.12914583333333335 0.07410416666666667
2 0.27539583333333334 0.3078541666666667 0.13233333333333333 0.0785
6 0.2788125 0.5771458333333332 0.12914583333333335 0.07160416666666666
3 0.17566666666666667 0.19214583333333335 0.10089583333333334 0.0674375
3 0.5595625 0.17822916666666666 0.09722916666666667 0.06854166666666667
3 0.057583333333333334 0.18822916666666664 0.1045 0.06927083333333334
3 0.80175 0.17627083333333332 0.090875 0.0676875
3 0.6875 0.18079166666666666 0.0915625 0.0700625
0 0.6621041666666667 0.057187499999999995 0.11841666666666667 0.08910416666666668
9 0.932625 0.8144583333333333 0.096375 0.0623125
9 0.6811458333333333 0.8183541666666667 0.0935 0.06572916666666667
9 0.7993125 0.8056666666666668 0.08758333333333333 0.06293750000000001
3 0.9287083333333332 0.18908333333333335 0.08587499999999999 0.06939583333333334
4 0.4154583333333333 0.0483125 0.15479166666666666 0.09008333333333333
5 0.917 0.043958333333333335 0.11737500000000001 0.08791666666666667
11 0.9384791666666668 0.953125 0.10877083333333333 0.06891666666666667
9 0.04654166666666667 0.8012708333333334 0.08960416666666667 0.06372916666666667
9 0.15710416666666666 0.8149375 0.09912499999999999 0.06372916666666667
5 0.06610416666666667 0.050499999999999996 0.12695833333333334 0.08710416666666668
11 0.06372916666666667 0.9575208333333334 0.12420833333333332 0.072625
1 0.5198958333333333 0.05447916666666666 0.16170833333333334 0.10893749999999999
0 0.29810416666666667 0.0468125 0.13183333333333333 0.0886875
8 0.18797916666666667 0.9726458333333333 0.1320625 0.0533125
7 0.5399375000000001 0.9331041666666666 0.16579166666666667 0.07945833333333334
6 0.2876666666666667 0.9443333333333332 0.12952083333333334 0.06983333333333334
10 0.42862500000000003 0.9407708333333333 0.14245833333333333 0.08054166666666666