3 0.8037083333333332 0.19885416666666667 0.06610416666666667 0.059104166666666666
3 0.1813958333333333 0.17895833333333336 0.0805 0.06585416666666667
3 0.2797916666666667 0.42064583333333333 0.07806249999999999 0.065375
5 0.6796875 0.44945833333333335 0.08679166666666666 0.07104166666666667
3 0.9389583333333333 0.33789583333333334 0.06708333333333334 0.06322916666666667
3 0.05541666666666667 0.17579166666666665 0.0785 0.06560416666666666
1 0.7924791666666666 0.06731250000000001 0.1019375 0.09302083333333333
9 0.3046875 0.5542083333333333 0.08008333333333333 0.06452083333333333
7 0.0548125 0.5542083333333333 0.10820833333333332 0.07683333333333334
9 0.06347916666666667 0.7163125 0.08416666666666667 0.065125
6 0.8090833333333334 0.9394583333333333 0.07341666666666667 0.06310416666666667