5 0.59375 0.06256250000000001 0.140375 0.0805
6 0.3327708333333333 0.9355416666666667 0.15539583333333334 0.0755625
9 0.4585 0.45385416666666667 0.11437499999999999 0.0614375
2 0.20531249999999998 0.04895833333333333 0.14391666666666666 0.07904166666666666
7 0.852375 0.9506875 0.19839583333333335 0.08710416666666668
6 0.36841666666666667 0.5488333333333333 0.15331250000000002 0.07135416666666666
1 0.8784166666666666 0.05975 0.192875 0.09504166666666666
3 0.35352083333333334 0.3142083333333333 0.10760416666666667 0.0628125
4 0.36304166666666665 0.17529166666666668 0.16968750000000002 0.08679166666666666
5 0.06408333333333334 0.06293750000000001 0.12610416666666666 0.0833125
3 0.7402291666666667 0.3151875 0.1198125 0.0623125
11 0.08077083333333333 0.92725 0.13708333333333333 0.06360416666666667
3 0.0701875 0.20227083333333334 0.111625 0.07422916666666667
0 0.4882916666666667 0.3151875 0.14977083333333333 0.06879166666666667
9 0.3422916666666667 0.8393541666666666 0.11395833333333334 0.057916666666666665
10 0.23279166666666665 0.6953125 0.16345833333333332 0.07610416666666667
3 0.8543333333333333 0.197625 0.1289375 0.06902083333333334
3 0.9526458333333333 0.18797916666666667 0.0881875 0.06695833333333333
9 0.9487291666666666 0.6762708333333334 0.09722916666666667 0.06210416666666666
3 0.7543958333333334 0.18860416666666666 0.14172916666666666 0.06372916666666667
3 0.23108333333333334 0.4585 0.115 0.06293750000000001
9 0.19043749999999998 0.8154375 0.1171875 0.06210416666666666
9 0.07629166666666666 0.8037083333333332 0.1045 0.058562499999999997
9 0.7089791666666667 0.8146249999999999 0.11902083333333334 0.07195833333333333
11 0.6914166666666667 0.9541041666666668 0.14806249999999999 0.0679375
9 0.80225 0.8222708333333333 0.11620833333333333 0.058770833333333335