5 0.9277291666666667 0.06464583333333333 0.08477083333333332 0.0725
0 0.6782291666666667 0.04654166666666667 0.08758333333333333 0.07208333333333333
3 0.8066458333333333 0.1665 0.07135416666666666 0.065125
3 0.9213958333333333 0.17589583333333333 0.0680625 0.0624375
3 0.6855416666666667 0.18531250000000002 0.0704375 0.059666666666666666
1 0.5390625 0.0611875 0.10779166666666667 0.07597916666666667
9 0.80225 0.8183541666666667 0.0584375 0.059958333333333336
5 0.06097916666666667 0.03897916666666667 0.06164583333333333 0.07239583333333334
4 0.4275 0.05864583333333333 0.111625 0.07183333333333333
3 0.5644583333333333 0.4392083333333333 0.06939583333333334 0.05645833333333334
3 0.059104166666666666 0.20166666666666666 0.0731875 0.07275000000000001
2 0.6865208333333332 0.3164166666666667 0.07945833333333334 0.07183333333333333
9 0.9541041666666668 0.8061458333333333 0.0703125 0.06304166666666668
3 0.3466875 0.17004166666666667 0.0730625 0.06572916666666667
6 0.3125 0.5390625 0.09302083333333333 0.07104166666666667
3 0.21131250000000001 0.18420833333333334 0.07452083333333334 0.058770833333333335
0 0.3012708333333334 0.051354166666666666 0.09685416666666667 0.0725
11 0.9487291666666666 0.9370208333333333 0.07489583333333334 0.0785
9 0.4140625 0.4497083333333334 0.0730625 0.06197916666666667
7 0.5478541666666668 0.9448333333333333 0.10820833333333332 0.09754166666666667
8 0.7993125 0.4396875 0.08197916666666667 0.0778125
9 0.6918958333333334 0.8168958333333334 0.07331249999999999 0.06360416666666667
9 0.44335416666666666 0.8046875 0.07935416666666667 0.0703125
10 0.4553125 0.94825 0.10958333333333334 0.09039583333333333
2 0.30345833333333333 0.32885416666666667 0.09789583333333333 0.07170833333333333
9 0.3139583333333333 0.8086041666666667 0.0778125 0.06304166666666668
9 0.07825 0.8242291666666667 0.08447916666666666 0.06927083333333334
9 0.17925000000000002 0.8139583333333333 0.08660416666666666 0.06439583333333333