7 0.8325208333333334 0.9623958333333333 0.096375 0.072875
3 0.059208333333333335 0.19654166666666667 0.07170833333333333 0.08093750000000001
3 0.8086041666666667 0.16785416666666667 0.0699375 0.06383333333333334
3 0.9345625 0.3259375 0.06829166666666667 0.06304166666666668
3 0.3086041666666667 0.18127083333333335 0.0810625 0.06622916666666666
2 0.6870208333333333 0.31664583333333335 0.08416666666666667 0.07354166666666666
9 0.07477083333333333 0.8276458333333333 0.08179166666666667 0.07195833333333333
9 0.692375 0.8168958333333334 0.07397916666666667 0.06708333333333334
3 0.18445833333333334 0.17810416666666665 0.0755625 0.058229166666666665
11 0.0496875 0.9536041666666667 0.09704166666666666 0.08154166666666667
9 0.8046875 0.8198333333333333 0.06372916666666667 0.0624375
6 0.2937083333333333 0.9160208333333333 0.09302083333333333 0.07641666666666666
10 0.6816458333333333 0.6684583333333334 0.1014375 0.08587499999999999
8 0.8095625 0.32445833333333335 0.0885 0.07170833333333333
11 0.578125 0.9501875 0.09058333333333332 0.07739583333333333
3 0.5649375 0.442875 0.0700625 0.058562499999999997
2 0.296875 0.3098125 0.09252083333333333 0.0754375
1 0.28099999999999997 0.05560416666666667 0.1175625 0.07879166666666666
9 0.17675000000000002 0.8154375 0.0785 0.07610416666666667
4 0.5605416666666667 0.3156666666666667 0.10558333333333333 0.07341666666666667
9 0.31054166666666666 0.8129791666666667 0.07825 0.0678125
9 0.43847916666666664 0.6972708333333333 0.07239583333333334 0.06164583333333333
8 0.3107916666666667 0.6708958333333332 0.10558333333333333 0.083625
9 0.9555625 0.8061458333333333 0.07147916666666668 0.06622916666666666
5 0.411625 0.588875 0.0935 0.07366666666666667
0 0.2903541666666667 0.44629166666666664 0.10058333333333333 0.07227083333333333