3 0.3149375 0.16979166666666667 0.08020833333333334 0.06635416666666667
4 0.4421458333333333 0.0479375 0.10595833333333333 0.08979166666666667
3 0.18297916666666666 0.17089583333333333 0.0833125 0.0676875
3 0.05835416666666667 0.16883333333333334 0.08739583333333334 0.0676875
1 0.6748125 0.19312500000000002 0.10633333333333334 0.08679166666666666
3 0.4240625 0.432375 0.07752083333333333 0.06525
6 0.2939375 0.9316458333333333 0.09704166666666666 0.06635416666666667
5 0.048666666666666664 0.05552083333333333 0.09735416666666666 0.0808125
5 0.9311458333333333 0.06816666666666667 0.0855625 0.07964583333333333
3 0.8046875 0.18775 0.0676875 0.06222916666666667
0 0.31983333333333336 0.04477083333333333 0.096375 0.080375
3 0.5356458333333334 0.45214583333333336 0.06891666666666667 0.06256250000000001
3 0.9399375 0.32714583333333336 0.06720833333333333 0.0623125
0 0.692375 0.0533125 0.08660416666666666 0.08252083333333333
10 0.39916666666666667 0.9350625 0.1145625 0.0751875
9 0.06720833333333333 0.8042083333333333 0.08416666666666667 0.06645833333333333
7 0.5634791666666668 0.9336041666666667 0.10614583333333334 0.0755625
2 0.2873541666666667 0.3090833333333334 0.09368749999999999 0.07477083333333333
11 0.9160208333333333 0.9248125 0.078375 0.0703125
8 0.6850625 0.6899375 0.07752083333333333 0.08020833333333334
11 0.06658333333333334 0.917 0.10052083333333334 0.0704375
9 0.18335416666666668 0.8095625 0.08197916666666667 0.065375
9 0.92725 0.8002916666666666 0.06670833333333334 0.06085416666666667
9 0.3015208333333333 0.7827083333333333 0.07989583333333333 0.06293750000000001
9 0.8066458333333333 0.7895416666666667 0.0699375 0.06222916666666667
9 0.4314791666666667 0.7128958333333333 0.06891666666666667 0.0558125
8 0.5473541666666667 0.5410208333333333 0.096375 0.07331249999999999