3 0.692375 0.17760416666666667 0.065 0.065125
3 0.06383333333333334 0.18420833333333334 0.06731250000000001 0.06952083333333332
3 0.32397916666666665 0.18420833333333334 0.06829166666666667 0.06708333333333334
3 0.5707916666666667 0.1794375 0.065375 0.06708333333333334
3 0.4350625 0.18360416666666665 0.06439583333333333 0.065125
3 0.94825 0.18029166666666668 0.06293750000000001 0.06427083333333333
3 0.182125 0.18225 0.06572916666666667 0.06645833333333333
5 0.9457916666666667 0.0545 0.08008333333333333 0.0856875
3 0.8242291666666667 0.17908333333333332 0.0613125 0.06293750000000001
2 0.8251875 0.04760416666666667 0.0730625 0.09222916666666667
9 0.32325 0.8183541666666667 0.06293750000000001 0.059958333333333336
9 0.07739583333333333 0.82325 0.06372916666666667 0.06210416666666666
5 0.06585416666666667 0.060520833333333336 0.07208333333333333 0.08539583333333334
9 0.5800833333333333 0.8066458333333333 0.06439583333333333 0.0626875
8 0.19775 0.9409166666666666 0.07079166666666666 0.06891666666666667
0 0.69775 0.050499999999999996 0.07366666666666667 0.08789583333333333
1 0.5527291666666667 0.052708333333333336 0.07806249999999999 0.10089583333333334
6 0.3186041666666667 0.9433541666666667 0.08154166666666667 0.07275000000000001
10 0.4418958333333334 0.9345625 0.07879166666666666 0.07575
9 0.44945833333333335 0.5712916666666668 0.07397916666666667 0.06475
4 0.4250416666666667 0.050499999999999996 0.08252083333333333 0.0989375
11 0.07502083333333333 0.9355416666666667 0.07366666666666667 0.06572916666666667
2 0.18164583333333334 0.052333333333333336 0.07879166666666666 0.09466666666666666
11 0.92725 0.9526458333333333 0.08179166666666667 0.07610416666666667
9 0.692875 0.8164166666666667 0.06464583333333333 0.06064583333333333
7 0.5620208333333333 0.9355416666666667 0.07683333333333334 0.07170833333333333
9 0.19312500000000002 0.8203125 0.06304166666666668 0.06177083333333333
0 0.31445833333333334 0.053000000000000005 0.07239583333333334 0.08587499999999999
9 0.9389583333333333 0.838375 0.055 0.04820833333333333