5 0.04858333333333333 0.055125 0.09716666666666667 0.0805
3 0.18262499999999998 0.17029166666666665 0.08135416666666666 0.06695833333333333
0 0.317625 0.0444375 0.09331249999999999 0.07945833333333334
5 0.9301666666666667 0.06879166666666667 0.0810625 0.080625
3 0.4235833333333333 0.432125 0.07683333333333334 0.06475
3 0.536125 0.45214583333333336 0.06829166666666667 0.06085416666666667
3 0.8027291666666667 0.18797916666666667 0.0655 0.06064583333333333
2 0.28710416666666666 0.30883333333333335 0.09504166666666666 0.07195833333333333
3 0.31347916666666664 0.16883333333333334 0.08208333333333333 0.06670833333333334
9 0.18347916666666667 0.8134791666666668 0.0808125 0.06097916666666667
3 0.0558125 0.16845833333333332 0.07860416666666666 0.0676875
9 0.2983333333333333 0.7827083333333333 0.0778125 0.06164583333333333
9 0.06670833333333334 0.8037083333333332 0.08135416666666666 0.06658333333333334
1 0.6743125 0.193 0.1065 0.0856875
8 0.6845625 0.6884791666666668 0.08093750000000001 0.07502083333333333
11 0.9160208333333333 0.9243125 0.07904166666666666 0.06829166666666667
9 0.6875 0.7915 0.06952083333333332 0.06347916666666667
9 0.43016666666666664 0.7123958333333333 0.07147916666666668 0.05677083333333333
11 0.064875 0.917 0.10339583333333334 0.0751875
3 0.9394583333333333 0.328125 0.06439583333333333 0.06222916666666667
4 0.44335416666666666 0.048125 0.112 0.09235416666666667
9 0.92725 0.7993125 0.0680625 0.06304166666666668
9 0.8061458333333333 0.7895416666666667 0.0706875 0.0623125
8 0.3146875 0.6713958333333333 0.09533333333333333 0.06670833333333334
0 0.17908333333333332 0.5644583333333333 0.09447916666666667 0.07170833333333333
6 0.29141666666666666 0.9331041666666666 0.09808333333333333 0.0680625
10 0.3984375 0.9370208333333333 0.10741666666666667 0.07341666666666667