9 0.6796875 0.8198333333333333 0.09058333333333332 0.0655
9 0.7895416666666667 0.6957916666666667 0.090875 0.0678125
0 0.306875 0.6811458333333333 0.13 0.06964583333333334
7 0.6450208333333334 0.9418958333333334 0.14954166666666666 0.07752083333333333
8 0.6528333333333334 0.5649375 0.122125 0.080375
5 0.06552083333333333 0.8276458333333333 0.13104166666666667 0.0705625
3 0.9257916666666667 0.4196875 0.08647916666666666 0.06572916666666667
9 0.9292083333333333 0.8154375 0.0883125 0.06222916666666667
3 0.050812500000000003 0.6948333333333333 0.10052083333333334 0.06395833333333333
1 0.911125 0.31664583333333335 0.13585416666666666 0.0989375
3 0.7983333333333333 0.3125 0.08239583333333332 0.0626875
11 0.05410416666666666 0.3344791666666667 0.10522916666666667 0.07708333333333334