3 0.3081041666666666 0.17004166666666667 0.07935416666666667 0.06210416666666666
0 0.3032291666666667 0.43797916666666664 0.090875 0.0706875
3 0.0700625 0.18664583333333334 0.083 0.0628125
3 0.8335 0.16699999999999998 0.06891666666666667 0.06152083333333334
9 0.9433541666666667 0.8090833333333334 0.065375 0.059666666666666666
3 0.9462916666666668 0.166375 0.06585416666666667 0.0626875
3 0.17652083333333335 0.1813958333333333 0.07922916666666667 0.0626875
3 0.6860416666666667 0.17845833333333333 0.0703125 0.0624375
0 0.34252083333333333 0.307375 0.09204166666666666 0.07160416666666666
1 0.286375 0.05645833333333334 0.10991666666666666 0.07764583333333334
9 0.8105416666666667 0.8066458333333333 0.0655 0.059958333333333336
9 0.5795833333333333 0.44116666666666665 0.075875 0.06335416666666667
9 0.05397916666666667 0.8066458333333333 0.08283333333333333 0.06475
9 0.6831041666666666 0.8007916666666667 0.06879166666666667 0.0655
11 0.051458333333333335 0.9394583333333333 0.09435416666666667 0.09252083333333333
2 0.5722708333333333 0.557125 0.08802083333333334 0.0731875
5 0.9565416666666666 0.04502083333333333 0.0755625 0.07208333333333333
5 0.4406666666666667 0.057916666666666665 0.094 0.07464583333333333
11 0.7119166666666668 0.942375 0.08270833333333334 0.078375
8 0.6943333333333332 0.6836041666666667 0.09252083333333333 0.07366666666666667
8 0.42114583333333333 0.9199166666666667 0.09435416666666667 0.07160416666666666
6 0.723625 0.5493125 0.07879166666666666 0.07208333333333333
9 0.18908333333333335 0.807625 0.07879166666666666 0.06658333333333334
7 0.8457083333333333 0.9350625 0.09514583333333333 0.09656250000000001