3 0.8315416666666666 0.166875 0.06695833333333333 0.0614375
3 0.708 0.276125 0.07366666666666667 0.06464583333333333
3 0.06927083333333334 0.1857916666666667 0.0834375 0.06322916666666667
3 0.17566666666666667 0.18066666666666667 0.080375 0.06383333333333334
3 0.307375 0.1691875 0.07879166666666666 0.06256250000000001
3 0.9462916666666668 0.1657708333333333 0.06731250000000001 0.06293750000000001
3 0.3408125 0.3063958333333333 0.09283333333333334 0.07354166666666666
0 0.3025 0.43652083333333336 0.08989583333333333 0.0705625
3 0.5795833333333333 0.31054166666666666 0.07208333333333333 0.0611875
6 0.7231458333333334 0.5478541666666668 0.07922916666666667 0.07135416666666666
9 0.8090833333333334 0.8061458333333333 0.06452083333333333 0.059958333333333336
5 0.5722708333333333 0.0548125 0.08495833333333333 0.0725
1 0.286375 0.05625 0.11066666666666666 0.07806249999999999
8 0.6953125 0.6816458333333333 0.0915625 0.07422916666666667
9 0.682125 0.7998125 0.06927083333333334 0.06395833333333333
9 0.0535 0.8066458333333333 0.08239583333333332 0.06464583333333333
9 0.32689583333333333 0.6894583333333333 0.07945833333333334 0.065375
11 0.432625 0.9594791666666667 0.08727083333333334 0.07433333333333333
7 0.8266666666666667 0.9150416666666668 0.09966666666666667 0.09485416666666667
9 0.9418958333333334 0.8105416666666667 0.06635416666666667 0.059875