0 0.19835416666666666 0.17064583333333333 0.0703125 0.07945833333333334
3 0.19420833333333334 0.30566666666666664 0.06610416666666667 0.06560416666666666
9 0.07683333333333334 0.8242291666666667 0.058145833333333334 0.058562499999999997
4 0.44556250000000003 0.3151875 0.07945833333333334 0.0886875
10 0.323 0.8159166666666666 0.07654166666666667 0.07422916666666667
3 0.0628125 0.18445833333333334 0.0678125 0.06983333333333334
5 0.065125 0.06210416666666666 0.07366666666666667 0.08691666666666667
3 0.6870208333333333 0.4265208333333333 0.06475 0.0624375
3 0.4409166666666666 0.4467708333333333 0.06322916666666667 0.06322916666666667
3 0.3234791666666667 0.18456250000000002 0.0679375 0.0674375
8 0.44835416666666666 0.8061458333333333 0.0868125 0.0725
3 0.5634791666666668 0.3025 0.06560416666666666 0.06439583333333333
3 0.8207916666666667 0.4560625 0.060083333333333336 0.059666666666666666
2 0.18187499999999998 0.052520833333333336 0.07764583333333334 0.09570833333333333
7 0.5639583333333333 0.9384791666666668 0.0808125 0.080625
5 0.6723541666666667 0.0495 0.0725 0.08691666666666667
9 0.8032291666666667 0.8149375 0.06197916666666667 0.059333333333333335
9 0.5722708333333333 0.6899375 0.06293750000000001 0.06097916666666667
9 0.4545833333333333 0.57275 0.0628125 0.0613125
9 0.19335416666666666 0.8207916666666667 0.058562499999999997 0.059104166666666666
11 0.9282291666666667 0.9521458333333332 0.07720833333333334 0.07239583333333334
1 0.942375 0.05460416666666667 0.09320833333333334 0.1019375
9 0.9296875 0.8291041666666668 0.06952083333333332 0.06335416666666667
9 0.692375 0.8168958333333334 0.06293750000000001 0.058770833333333335
9 0.32689583333333333 0.7085 0.058020833333333334 0.056854166666666664
11 0.0754375 0.9355416666666667 0.072625 0.07091666666666667
6 0.9585 0.17589583333333333 0.07654166666666667 0.07935416666666667