0 0.307625 0.431875 0.09252083333333333 0.07227083333333333
5 0.5703125 0.04302083333333333 0.08600000000000001 0.072625
9 0.051270833333333335 0.807125 0.080625 0.06372916666666667
1 0.28539583333333335 0.057291666666666664 0.11047916666666667 0.07891666666666668
7 0.8193333333333332 0.9091875 0.09770833333333333 0.09204166666666666
3 0.30591666666666667 0.16979166666666667 0.08008333333333333 0.06256250000000001
3 0.17272916666666666 0.182375 0.07922916666666667 0.0623125
9 0.6806666666666668 0.8002916666666666 0.06902083333333334 0.0678125
3 0.8193333333333332 0.432125 0.06927083333333334 0.06420833333333334
6 0.7055625 0.2941875 0.08527083333333334 0.0704375
11 0.4453125 0.80225 0.08660416666666666 0.07641666666666666
9 0.317625 0.557125 0.07825 0.06427083333333333
3 0.9565416666666666 0.4016041666666667 0.06395833333333333 0.06304166666666668
0 0.04620833333333333 0.55225 0.09125 0.07160416666666666
3 0.051541666666666666 0.41479166666666667 0.08227083333333333 0.06347916666666667
9 0.807125 0.807625 0.06635416666666667 0.06210416666666666
8 0.9331041666666666 0.2858958333333333 0.0863125 0.07170833333333333
9 0.567375 0.1851875 0.0730625 0.06177083333333333
9 0.9448333333333333 0.6635833333333333 0.065375 0.0614375