9 0.07825 0.8237291666666666 0.057916666666666665 0.057791666666666665
3 0.442625 0.44604166666666667 0.06310416666666667 0.06304166666666668
3 0.6889583333333333 0.4257916666666667 0.06525 0.06322916666666667
3 0.5649375 0.30225 0.06439583333333333 0.06464583333333333
3 0.0655 0.18433333333333335 0.06829166666666667 0.07122916666666666
6 0.5502916666666666 0.8154375 0.0700625 0.06854166666666667
3 0.3256875 0.18433333333333335 0.06720833333333333 0.06841666666666667
0 0.2005625 0.16979166666666667 0.07239583333333334 0.0808125
10 0.3249583333333333 0.8154375 0.07666666666666666 0.07397916666666667
9 0.5747083333333334 0.6884791666666668 0.059541666666666666 0.06152083333333334
3 0.19641666666666666 0.30443749999999997 0.06585416666666667 0.06658333333333334
9 0.19433333333333333 0.8207916666666667 0.059958333333333336 0.057708333333333334
3 0.8242291666666667 0.5908125 0.058895833333333335 0.05835416666666667
9 0.32885416666666667 0.7070416666666667 0.059541666666666666 0.057583333333333334
9 0.45239583333333333 0.5712916666666668 0.06383333333333334 0.06322916666666667
5 0.06670833333333334 0.06085416666666667 0.07422916666666667 0.08679166666666666
9 0.8046875 0.8149375 0.059958333333333336 0.058020833333333334
11 0.9521458333333332 0.9521458333333332 0.078375 0.0704375
1 0.8203125 0.18272916666666666 0.08527083333333334 0.09827083333333334
7 0.3298333333333333 0.9252916666666666 0.08197916666666667 0.07891666666666668
9 0.6943333333333332 0.8164166666666667 0.06452083333333333 0.059875
2 0.44408333333333333 0.17247916666666668 0.07433333333333333 0.09270833333333334
8 0.8164166666666667 0.45287499999999997 0.08539583333333334 0.07825
4 0.4470208333333333 0.3133125 0.07860416666666666 0.09145833333333334