8 0.807625 0.3249583333333333 0.08739583333333334 0.07091666666666667
0 0.2924791666666666 0.4453125 0.09589583333333333 0.0725
2 0.6855416666666667 0.31933333333333336 0.08312499999999999 0.07170833333333333
2 0.29589583333333336 0.31054166666666666 0.09368749999999999 0.07354166666666666
3 0.8081041666666666 0.16760416666666667 0.07079166666666666 0.06452083333333333
7 0.8315416666666666 0.963875 0.09704166666666666 0.07160416666666666
4 0.5590833333333334 0.31616666666666665 0.10558333333333333 0.07452083333333334
11 0.05633333333333333 0.9560625 0.0863125 0.07825
3 0.307125 0.18127083333333335 0.07977083333333333 0.06427083333333333
3 0.9340833333333334 0.32689583333333333 0.06866666666666667 0.06347916666666667
9 0.953125 0.8002916666666666 0.07641666666666666 0.07739583333333333
3 0.1848125 0.17822916666666666 0.07641666666666666 0.058020833333333334
5 0.4094166666666667 0.5878958333333333 0.09235416666666667 0.07195833333333333
9 0.0778125 0.82325 0.08539583333333334 0.06525
1 0.28150000000000003 0.05560416666666667 0.11877083333333333 0.07904166666666666
3 0.059875 0.18872916666666667 0.07629166666666666 0.08122916666666667
9 0.43822916666666667 0.69825 0.07354166666666666 0.06635416666666667
9 0.6933541666666667 0.8149375 0.07641666666666666 0.0699375
8 0.3100625 0.6704166666666667 0.10266666666666667 0.08416666666666667
6 0.5600625 0.7104583333333333 0.08385416666666666 0.07275000000000001
9 0.8042083333333333 0.8188541666666667 0.06189583333333334 0.06177083333333333
9 0.17664583333333334 0.8154375 0.07720833333333334 0.06983333333333334
11 0.5737291666666666 0.9497083333333334 0.09204166666666666 0.08283333333333333
9 0.3110416666666667 0.8120208333333333 0.07629166666666666 0.06560416666666666
10 0.6816458333333333 0.6684583333333334 0.10266666666666667 0.08527083333333334
3 0.5654375 0.4409166666666666 0.07104166666666667 0.058562499999999997