2 0.286875 0.3100625 0.09656250000000001 0.07531249999999999
3 0.18297916666666666 0.172125 0.08385416666666666 0.06841666666666667
3 0.5376041666666667 0.45385416666666667 0.0705625 0.06222916666666667
3 0.057708333333333334 0.16991666666666666 0.08435416666666667 0.06427083333333333
5 0.04908333333333333 0.05602083333333333 0.09816666666666667 0.08197916666666667
9 0.43091666666666667 0.7128958333333333 0.06902083333333334 0.05697916666666667
3 0.8046875 0.18908333333333335 0.06683333333333333 0.06177083333333333
3 0.3151875 0.17077083333333334 0.0856875 0.06708333333333334
1 0.7939375 0.058770833333333335 0.10229166666666667 0.09485416666666667
3 0.42285416666666664 0.5766666666666667 0.07739583333333333 0.06395833333333333
5 0.7958958333333332 0.43383333333333335 0.08135416666666666 0.06720833333333333
9 0.06572916666666667 0.7094791666666667 0.08447916666666666 0.06525
3 0.9414166666666667 0.3295833333333333 0.06585416666666667 0.0623125
9 0.30516666666666664 0.692875 0.08239583333333332 0.06372916666666667
11 0.065375 0.9165 0.10633333333333334 0.07654166666666667
11 0.5737291666666666 0.9360416666666667 0.09008333333333333 0.0680625
6 0.16710416666666666 0.7876041666666667 0.0966875 0.06816666666666667
9 0.6894583333333333 0.7929791666666667 0.06841666666666667 0.06197916666666667
7 0.7978541666666668 0.8222708333333333 0.0910625 0.07793749999999999
9 0.3095625 0.5483333333333333 0.08283333333333333 0.064875