3 0.8335 0.16747916666666668 0.06939583333333334 0.06293750000000001
9 0.8105416666666667 0.8081041666666666 0.065 0.059104166666666666
9 0.5791041666666668 0.4406666666666667 0.07422916666666667 0.0613125
0 0.8256875 0.5434583333333334 0.07904166666666666 0.07341666666666667
3 0.6860416666666667 0.17895833333333336 0.0706875 0.0623125
3 0.9467708333333333 0.1665 0.0674375 0.06322916666666667
1 0.5439375 0.0456875 0.10229166666666667 0.07654166666666667
9 0.6836041666666667 0.8002916666666666 0.0703125 0.06335416666666667
3 0.17579166666666665 0.18272916666666666 0.080375 0.06256250000000001
3 0.3168958333333334 0.18152083333333333 0.08020833333333334 0.06439583333333333
11 0.9487291666666666 0.9350625 0.0754375 0.075875
0 0.6914166666666667 0.044187500000000005 0.08447916666666666 0.0704375
9 0.9418958333333334 0.8086041666666667 0.06670833333333334 0.06177083333333333
3 0.0704375 0.18860416666666666 0.083625 0.06525
9 0.05397916666666667 0.807125 0.08208333333333333 0.06408333333333334
6 0.3142083333333333 0.55175 0.0888125 0.0700625
5 0.9565416666666666 0.04647916666666666 0.07366666666666667 0.0700625
8 0.6953125 0.682125 0.09125 0.072875
9 0.1892083333333333 0.807625 0.0805 0.06525
6 0.30443749999999997 0.9399375 0.08727083333333334 0.07666666666666666
5 0.07597916666666667 0.056125 0.096375 0.07385416666666668
2 0.31347916666666664 0.307375 0.08283333333333333 0.0678125
7 0.5590833333333334 0.9448333333333333 0.10839583333333333 0.09874999999999999
11 0.050333333333333334 0.9433541666666667 0.09270833333333334 0.08416666666666667
8 0.42089583333333336 0.9199166666666667 0.0989375 0.07331249999999999
2 0.5722708333333333 0.557625 0.08710416666666668 0.07341666666666667