9 0.08539583333333334 0.5722708333333333 0.060770833333333336 0.06020833333333333
3 0.4418958333333334 0.44604166666666667 0.0624375 0.06335416666666667
3 0.5629791666666667 0.3015208333333333 0.06383333333333334 0.06347916666666667
3 0.1953125 0.30541666666666667 0.06525 0.06622916666666666
0 0.44727083333333334 0.1691875 0.0700625 0.0808125
3 0.6875 0.42602083333333335 0.064875 0.06210416666666666
3 0.065125 0.4501875 0.06708333333333334 0.06622916666666666
3 0.32397916666666665 0.1851875 0.06622916666666666 0.06841666666666667
6 0.439375 0.6835833333333333 0.07168749999999999 0.0679375
9 0.57275 0.6894583333333333 0.06152083333333334 0.0614375
9 0.19543750000000001 0.7026458333333333 0.06110416666666666 0.060083333333333336
1 0.8295833333333333 0.18420833333333334 0.08477083333333332 0.09704166666666666
9 0.7085 0.567875 0.0624375 0.060520833333333336
3 0.82275 0.5908125 0.06097916666666667 0.059541666666666666
9 0.328125 0.7099583333333332 0.05633333333333333 0.056854166666666664
7 0.20154166666666665 0.8154375 0.0805 0.07720833333333334
9 0.4506875 0.5707916666666667 0.0626875 0.06408333333333334
8 0.8166041666666667 0.4545416666666667 0.07535416666666667 0.07547916666666667
4 0.5551666666666667 0.050229166666666665 0.08008333333333333 0.09741666666666667
9 0.8042083333333333 0.7021458333333332 0.06610416666666667 0.06293750000000001
10 0.9521458333333332 0.8081041666666666 0.0885 0.08416666666666667
2 0.9575208333333334 0.45435416666666667 0.07935416666666667 0.07806249999999999