3 0.6899375 0.31152083333333336 0.06560416666666666 0.0655
0 0.19835416666666666 0.17149999999999999 0.0703125 0.07904166666666666
5 0.065 0.0626875 0.0725 0.0855625
3 0.5634791666666668 0.30345833333333333 0.06597916666666667 0.06427083333333333
3 0.19408333333333333 0.30664583333333334 0.0655 0.0655
3 0.4414166666666667 0.44727083333333334 0.06360416666666667 0.06347916666666667
3 0.3242291666666667 0.18531250000000002 0.06841666666666667 0.06939583333333334
2 0.18127083333333335 0.0533125 0.07825 0.09656250000000001
10 0.32275 0.8189791666666667 0.07597916666666667 0.07735416666666667
3 0.8237291666666666 0.18225 0.0614375 0.06322916666666667
5 0.6723541666666667 0.051458333333333335 0.072875 0.08679166666666666
9 0.5712916666666668 0.6904375 0.065 0.0626875
9 0.8037083333333332 0.8159166666666666 0.06222916666666667 0.059875
0 0.4497083333333334 0.3100625 0.0705625 0.07366666666666667
3 0.06360416666666667 0.18566666666666667 0.06731250000000001 0.06983333333333334
1 0.942875 0.05625 0.09283333333333334 0.1014375
7 0.5644583333333333 0.9404375 0.08154166666666667 0.0810625
6 0.19189583333333332 0.8212916666666668 0.064875 0.06310416666666667
11 0.07354166666666666 0.9365208333333332 0.0755625 0.0703125
9 0.45189583333333333 0.5737291666666666 0.0678125 0.06256250000000001
11 0.9282291666666667 0.9536041666666667 0.08093750000000001 0.0751875
4 0.42310416666666667 0.052437500000000005 0.0785 0.10033333333333333
10 0.07695833333333332 0.8251875 0.058895833333333335 0.057916666666666665
8 0.4504375 0.8046875 0.07922916666666667 0.0751875
9 0.3254375 0.7099583333333332 0.06222916666666667 0.05975
9 0.6909166666666666 0.8159166666666666 0.06152083333333334 0.05835416666666667
9 0.9306666666666668 0.828125 0.06829166666666667 0.06383333333333334
6 0.9438541666666667 0.5610416666666667 0.07806249999999999 0.072875
6 0.9589791666666667 0.17785416666666667 0.0755625 0.08020833333333334