3 0.5611041666666666 0.17847916666666666 0.1 0.07360416666666666
3 0.058145833333333334 0.18702083333333333 0.10302083333333334 0.0704375
0 0.7876041666666667 0.18310416666666668 0.11474999999999999 0.08135416666666666
3 0.9306666666666668 0.18968749999999998 0.08989583333333333 0.0701875
3 0.6914166666666667 0.1892083333333333 0.08989583333333333 0.06914583333333332
3 0.7983333333333333 0.31202083333333336 0.08477083333333332 0.06210416666666666
5 0.16358333333333333 0.04191666666666667 0.13097916666666667 0.08383333333333334
5 0.6704166666666667 0.049875 0.11841666666666667 0.09320833333333334
9 0.5581041666666666 0.4401875 0.09685416666666667 0.06525
9 0.7983333333333333 0.8051666666666667 0.08910416666666668 0.06395833333333333
9 0.9301666666666667 0.8154375 0.09039583333333333 0.06041666666666667
9 0.6836041666666667 0.8183541666666667 0.09485416666666667 0.06597916666666667
1 0.7856458333333334 0.05552083333333333 0.151 0.10741666666666667
6 0.40625 0.5693333333333332 0.13025 0.07433333333333333
9 0.04779166666666667 0.8002916666666666 0.09204166666666666 0.06372916666666667
9 0.15539583333333334 0.8159166666666666 0.10125 0.06293750000000001
7 0.8140416666666667 0.9399375 0.14416666666666667 0.08008333333333333
11 0.06485416666666667 0.9594791666666667 0.12970833333333334 0.07464583333333333
11 0.5284166666666666 0.7143541666666666 0.12925 0.072875
8 0.41000000000000003 0.8105416666666667 0.137125 0.07331249999999999
2 0.4013958333333333 0.6932916666666666 0.13435416666666666 0.07554166666666666