0 0.32079166666666664 0.0439375 0.09741666666666667 0.07922916666666667
3 0.682625 0.17627083333333332 0.07397916666666667 0.06395833333333333
5 0.9316458333333333 0.06695833333333333 0.0834375 0.08008333333333333
5 0.049875 0.0546875 0.09966666666666667 0.080625
0 0.692875 0.0535 0.08587499999999999 0.08435416666666667
3 0.059333333333333335 0.166875 0.0855625 0.07079166666666666
3 0.18433333333333335 0.1695625 0.08227083333333333 0.06683333333333333
2 0.28833333333333333 0.307375 0.0935 0.07489583333333334
3 0.44579166666666664 0.16479166666666664 0.07764583333333334 0.06347916666666667
6 0.2939375 0.9340833333333334 0.09552083333333333 0.06964583333333334
10 0.39891666666666664 0.9336041666666667 0.11395833333333334 0.0751875
3 0.8051666666666667 0.18604166666666666 0.06622916666666666 0.060083333333333336
11 0.9184583333333334 0.9238333333333333 0.07806249999999999 0.06816666666666667
9 0.6894583333333333 0.7910208333333333 0.0703125 0.06597916666666667
7 0.5644583333333333 0.932625 0.10991666666666666 0.0751875
11 0.06597916666666667 0.9160208333333333 0.10577083333333334 0.07341666666666667
3 0.9126041666666667 0.17664583333333334 0.06708333333333334 0.06420833333333334
4 0.44825 0.04804166666666666 0.11418750000000001 0.09222916666666667
9 0.0680625 0.8032291666666667 0.08447916666666666 0.06560416666666666
9 0.427 0.8168958333333334 0.07610416666666667 0.06020833333333333
1 0.5429791666666667 0.04629166666666666 0.11602083333333332 0.09008333333333333
3 0.5376041666666667 0.4516666666666667 0.06964583333333334 0.06020833333333333
3 0.31616666666666665 0.16883333333333334 0.08416666666666667 0.0675625
9 0.2993125 0.7827083333333333 0.07739583333333333 0.06360416666666667
6 0.30664583333333334 0.5620208333333333 0.09331249999999999 0.06902083333333334
9 0.18383333333333332 0.8110416666666667 0.0810625 0.06197916666666667
9 0.8081041666666666 0.7876041666666667 0.07122916666666666 0.0613125
9 0.9282291666666667 0.7978541666666668 0.06585416666666667 0.06152083333333334
2 0.5454166666666667 0.5717708333333333 0.09222916666666667 0.0705625
8 0.307625 0.6816458333333333 0.09204166666666666 0.07433333333333333
8 0.6889583333333333 0.6860416666666667 0.080625 0.07341666666666667