0 0.307125 0.432125 0.09185416666666667 0.07275000000000001
9 0.3151875 0.557125 0.07695833333333332 0.06464583333333333
3 0.817375 0.432125 0.06879166666666667 0.06439583333333333
9 0.6801666666666667 0.8012708333333334 0.07104166666666667 0.06670833333333334
3 0.050229166666666665 0.41381249999999997 0.083 0.06360416666666667
9 0.050041666666666665 0.8066458333333333 0.0805 0.0626875
11 0.5537083333333332 0.8164166666666667 0.08179166666666667 0.07195833333333333
3 0.30516666666666664 0.16979166666666667 0.07904166666666666 0.0626875
8 0.9301666666666667 0.286625 0.08647916666666666 0.07366666666666667
3 0.9560625 0.4023541666666667 0.06439583333333333 0.064875
9 0.8066458333333333 0.8086041666666667 0.06695833333333333 0.06256250000000001
3 0.17200000000000001 0.18297916666666666 0.07739583333333333 0.06310416666666667
7 0.8193333333333332 0.9096666666666666 0.09856250000000001 0.08947916666666668
6 0.7045833333333333 0.2937083333333333 0.083 0.06983333333333334
9 0.9433541666666667 0.6635833333333333 0.0655 0.0628125
0 0.04629166666666666 0.5424791666666666 0.09058333333333332 0.0700625
9 0.5668958333333334 0.1849375 0.07452083333333334 0.06189583333333334
5 0.5688541666666667 0.042979166666666666 0.08312499999999999 0.0731875