0 0.307625 0.432375 0.09252083333333333 0.07183333333333333
3 0.051666666666666666 0.41358333333333336 0.08154166666666667 0.06420833333333334
3 0.17247916666666668 0.182125 0.07945833333333334 0.0626875
9 0.807125 0.807125 0.065125 0.059333333333333335
3 0.30541666666666667 0.17041666666666666 0.08020833333333334 0.0628125
3 0.8193333333333332 0.43091666666666667 0.0679375 0.06347916666666667
9 0.6796875 0.8007916666666667 0.0674375 0.06452083333333333
9 0.052125 0.8066458333333333 0.08208333333333333 0.06452083333333333
9 0.3168958333333334 0.557625 0.07666666666666666 0.06383333333333334
9 0.9438541666666667 0.6645416666666667 0.06427083333333333 0.0613125
3 0.9575208333333334 0.40210416666666665 0.06427083333333333 0.06322916666666667
7 0.8207916666666667 0.9091875 0.0993125 0.090875
0 0.0456875 0.55225 0.09039583333333333 0.07091666666666667
6 0.7065416666666666 0.2939375 0.08179166666666667 0.06816666666666667
1 0.28539583333333335 0.0570625 0.11181250000000001 0.07654166666666667
8 0.9375 0.2846666666666666 0.08227083333333333 0.07385416666666668
10 0.44629166666666664 0.08179166666666667 0.11066666666666666 0.07477083333333333