3 0.18262499999999998 0.17174999999999999 0.08166666666666668 0.0674375
9 0.6884791666666668 0.792 0.0699375 0.06383333333333334
5 0.932625 0.8090833333333334 0.07489583333333334 0.0675625
3 0.8061458333333333 0.18908333333333335 0.0678125 0.06097916666666667
3 0.9414166666666667 0.32787499999999997 0.06720833333333333 0.06372916666666667
9 0.06635416666666667 0.7099583333333332 0.08166666666666668 0.065
3 0.28197916666666667 0.4126041666666667 0.0785 0.06310416666666667
6 0.3100625 0.6904375 0.09252083333333333 0.06952083333333332
3 0.058229166666666665 0.17054166666666667 0.0808125 0.06610416666666667
7 0.4345625 0.8027291666666667 0.11339583333333333 0.072875
9 0.43335416666666665 0.7123958333333333 0.07170833333333333 0.05489583333333334
9 0.3061458333333333 0.5463958333333333 0.0805 0.06475
5 0.6860416666666667 0.04804166666666666 0.08727083333333334 0.07904166666666666
11 0.6757916666666667 0.9433541666666667 0.09027083333333333 0.0704375
1 0.7954166666666667 0.057374999999999995 0.09947916666666666 0.0935