3 0.5644583333333333 0.3046875 0.06597916666666667 0.06475
3 0.6879791666666667 0.4282291666666667 0.06525 0.06222916666666667
8 0.8198333333333333 0.4558125 0.08122916666666667 0.072625
3 0.20227083333333334 0.5629791666666667 0.0676875 0.06658333333333334
1 0.8291041666666668 0.18908333333333335 0.08660416666666666 0.09827083333333334
0 0.448 0.1695625 0.0706875 0.083625
3 0.06439583333333333 0.5707916666666667 0.06572916666666667 0.06427083333333333
9 0.8046875 0.7055625 0.065125 0.060770833333333336
9 0.4506875 0.5722708333333333 0.0655 0.06408333333333334
7 0.0808125 0.8300833333333333 0.07922916666666667 0.0751875
3 0.82325 0.59375 0.057791666666666665 0.057291666666666664
9 0.7089791666666667 0.57325 0.06310416666666667 0.05697916666666667
9 0.19493749999999999 0.7045833333333333 0.057583333333333334 0.05602083333333333
4 0.4421458333333333 0.8276458333333333 0.08020833333333334 0.08020833333333334
2 0.6738333333333333 0.3251875 0.0808125 0.080375
10 0.9252916666666666 0.942875 0.09172916666666667 0.07964583333333333
6 0.32616666666666666 0.57875 0.0699375 0.07258333333333335