9 0.5795833333333333 0.4409166666666666 0.07489583333333334 0.06293750000000001
3 0.3078541666666667 0.17004166666666667 0.07806249999999999 0.06210416666666666
3 0.17639583333333334 0.18187499999999998 0.07964583333333333 0.06222916666666667
11 0.047374999999999994 0.9448333333333333 0.09474999999999999 0.08527083333333334
11 0.9487291666666666 0.9355416666666667 0.07683333333333334 0.07683333333333334
3 0.0703125 0.18652083333333333 0.08270833333333334 0.06222916666666667
3 0.6860416666666667 0.17870833333333333 0.06983333333333334 0.06210416666666666
9 0.6845625 0.7998125 0.06854166666666667 0.06347916666666667
3 0.8335 0.16699999999999998 0.06927083333333334 0.0624375
7 0.557125 0.9433541666666667 0.10358333333333333 0.09808333333333333
8 0.6953125 0.6836041666666667 0.09252083333333333 0.07366666666666667
0 0.6938541666666667 0.043708333333333335 0.0834375 0.0705625
8 0.42089583333333336 0.9194375 0.0966875 0.07147916666666668
9 0.9438541666666667 0.8105416666666667 0.06360416666666667 0.059541666666666666
2 0.57275 0.557125 0.08727083333333334 0.07385416666666668
3 0.9467708333333333 0.1665 0.06708333333333334 0.06304166666666668
9 0.0538125 0.807125 0.08283333333333333 0.06585416666666667
0 0.34302083333333333 0.30664583333333334 0.09027083333333333 0.0701875
9 0.8100625 0.807125 0.064875 0.059333333333333335
9 0.18835416666666666 0.807625 0.07977083333333333 0.06525
6 0.723625 0.5493125 0.07922916666666667 0.0725
5 0.442625 0.057291666666666664 0.09204166666666666 0.0730625
1 0.2873541666666667 0.057708333333333334 0.11029166666666666 0.07764583333333334
5 0.9560625 0.04602083333333333 0.07531249999999999 0.07147916666666668