3 0.065 0.5698333333333333 0.06585416666666667 0.065125
6 0.3266666666666667 0.5756875 0.0705625 0.06939583333333334
3 0.5639583333333333 0.3029791666666667 0.064875 0.064875
3 0.6879791666666667 0.42725 0.065125 0.06164583333333333
8 0.817875 0.45410416666666664 0.07354166666666666 0.07366666666666667
3 0.8242291666666667 0.5927708333333332 0.059333333333333335 0.05835416666666667
3 0.203375 0.5625 0.06829166666666667 0.06658333333333334
0 0.4487291666666666 0.1691875 0.06983333333333334 0.08154166666666667
1 0.8291041666666668 0.18775 0.0856875 0.09722916666666667
2 0.6733333333333333 0.3249583333333333 0.07825 0.07806249999999999
4 0.0611875 0.06525 0.07793749999999999 0.09997916666666667
7 0.20214583333333333 0.8183541666666667 0.08227083333333333 0.0778125
9 0.453125 0.5717708333333333 0.065125 0.06310416666666667
9 0.19518749999999999 0.703125 0.05835416666666667 0.05645833333333334
9 0.5742291666666667 0.6914166666666667 0.060770833333333336 0.06322916666666667
10 0.05541666666666667 0.9418958333333334 0.0805 0.0805
9 0.7089791666666667 0.5707916666666667 0.06197916666666667 0.059541666666666666
9 0.8046875 0.7036041666666667 0.065375 0.06097916666666667