6 0.9003958333333333 0.57275 0.11241666666666666 0.0751875
2 0.6655208333333333 0.2983333333333333 0.12547916666666667 0.07354166666666666
0 0.1486458333333333 0.5683541666666667 0.13347916666666665 0.06927083333333334
9 0.8027291666666667 0.55225 0.08989583333333333 0.059416666666666666
11 0.6640625 0.7006875 0.11066666666666666 0.06902083333333334
9 0.421875 0.5659166666666666 0.09827083333333334 0.064875
8 0.40672916666666664 0.8081041666666666 0.13660416666666667 0.07183333333333333
9 0.29564583333333333 0.703125 0.09827083333333334 0.0655
10 0.9057708333333333 0.6875 0.13025 0.07477083333333333
0 0.05389583333333334 0.2937083333333333 0.10577083333333334 0.07227083333333333
7 0.7817291666666667 0.9292083333333333 0.14014583333333333 0.07879166666666666
5 0.2944375 0.04010416666666667 0.12793749999999998 0.08020833333333334
3 0.055 0.43724999999999997 0.10339583333333334 0.06372916666666667
5 0.059000000000000004 0.04272916666666667 0.11633333333333334 0.0833125
9 0.9243125 0.8002916666666666 0.0886875 0.06854166666666667
9 0.5483333333333333 0.43652083333333336 0.09856250000000001 0.06420833333333334
9 0.051666666666666666 0.8081041666666666 0.10052083333333334 0.06177083333333333
3 0.41358333333333336 0.4343333333333333 0.09222916666666667 0.057583333333333334
6 0.04708333333333334 0.5649375 0.090875 0.06939583333333334
3 0.9248125 0.17529166666666668 0.08758333333333333 0.06572916666666667
3 0.5253958333333333 0.28491666666666665 0.09447916666666667 0.06635416666666667
11 0.058770833333333335 0.9377083333333334 0.1175625 0.07312500000000001
3 0.6713958333333333 0.16785416666666667 0.09125 0.06670833333333334
1 0.7773541666666667 0.050229166666666665 0.14441666666666667 0.10033333333333333
3 0.8061458333333333 0.2951666666666667 0.08647916666666666 0.06475
4 0.26537499999999997 0.17387499999999997 0.15639583333333332 0.0934375