8 0.6801666666666667 0.16112500000000002 0.09125 0.06841666666666667
3 0.18225 0.18054166666666666 0.07410416666666667 0.058562499999999997
3 0.8086041666666667 0.16858333333333334 0.0704375 0.06372916666666667
3 0.3090833333333334 0.182125 0.07597916666666667 0.06597916666666667
2 0.6865208333333332 0.31908333333333333 0.08227083333333333 0.06939583333333334
3 0.6792083333333333 0.0479375 0.08679166666666666 0.07170833333333333
3 0.9350625 0.32616666666666666 0.06720833333333333 0.0614375
5 0.9516666666666667 0.05602083333333333 0.07964583333333333 0.07135416666666666
6 0.2937083333333333 0.9145416666666667 0.09270833333333334 0.08093750000000001
11 0.052708333333333336 0.9550833333333333 0.09656250000000001 0.08166666666666668
7 0.8315416666666666 0.9619166666666668 0.09808333333333333 0.07147916666666668
11 0.5756875 0.9472708333333333 0.09320833333333334 0.08527083333333334
3 0.059208333333333335 0.20227083333333334 0.07575 0.07227083333333333
9 0.31177083333333333 0.8125 0.07629166666666666 0.06695833333333333
9 0.692375 0.8154375 0.07422916666666667 0.0705625
3 0.5654375 0.4399375 0.06983333333333334 0.0613125
5 0.42943749999999997 0.059104166666666666 0.09845833333333333 0.07654166666666667
9 0.17541666666666667 0.817875 0.07575 0.07160416666666666
4 0.40591666666666665 0.32079166666666664 0.1175625 0.07341666666666667
9 0.0778125 0.8276458333333333 0.08283333333333333 0.064875
9 0.44483333333333336 0.8105416666666667 0.078375 0.07341666666666667
10 0.6806666666666668 0.6689375 0.10016666666666667 0.0881875
9 0.949 0.8077708333333333 0.077875 0.08235416666666667
2 0.0456875 0.44020833333333337 0.0755625 0.08870833333333333
9 0.8046875 0.8193333333333332 0.06197916666666667 0.059958333333333336
1 0.28491666666666665 0.057916666666666665 0.11737500000000001 0.07739583333333333
8 0.30975 0.6694375 0.10375 0.0833125