3 0.06952083333333332 0.20435416666666667 0.11083333333333334 0.0699375
9 0.9331041666666666 0.8344791666666667 0.12610416666666666 0.07531249999999999
3 0.20641666666666666 0.19591666666666668 0.11029166666666666 0.06560416666666666
3 0.349375 0.31445833333333334 0.1096875 0.06372916666666667
3 0.6079166666666667 0.19958333333333333 0.11102083333333333 0.0624375
11 0.07354166666666666 0.9282291666666667 0.13964583333333333 0.06360416666666667
5 0.06347916666666667 0.06293750000000001 0.12445833333333334 0.083
2 0.202875 0.05175 0.140875 0.08227083333333333
3 0.7418541666666666 0.19014583333333332 0.1235 0.06570833333333333
7 0.60075 0.949875 0.20427083333333332 0.08960416666666667
8 0.3483958333333333 0.6748125 0.15331250000000002 0.07366666666666667
3 0.4868125 0.44164583333333335 0.1171875 0.06360416666666667
3 0.84375 0.19983333333333334 0.1276875 0.06597916666666667
1 0.6321666666666667 0.050812500000000003 0.21106250000000001 0.09754166666666667
4 0.48470833333333335 0.04645833333333334 0.20166666666666666 0.0915625
9 0.7988333333333333 0.8222708333333333 0.12793749999999998 0.06383333333333334
3 0.9457916666666667 0.18933333333333333 0.10070833333333334 0.06866666666666667
9 0.6938541666666667 0.8129791666666667 0.10302083333333334 0.0700625
9 0.18712499999999999 0.8159166666666666 0.12360416666666667 0.06475
9 0.34252083333333333 0.8378958333333333 0.12145833333333332 0.06197916666666667
2 0.8554583333333333 0.051854166666666666 0.15527083333333333 0.09722916666666667
9 0.5957083333333333 0.5820416666666667 0.111625 0.05358333333333333
5 0.9360625 0.091375 0.12787500000000002 0.0751875
11 0.9257708333333333 0.9565416666666666 0.14391666666666666 0.06464583333333333
0 0.35254166666666664 0.04816666666666667 0.17614583333333333 0.09466666666666666
9 0.4331041666666666 0.8261666666666667 0.106875 0.06210416666666666
8 0.8245416666666666 0.9571875 0.17810416666666665 0.072875
9 0.07708333333333334 0.8061458333333333 0.10877083333333333 0.057916666666666665
6 0.3342291666666667 0.942375 0.16089583333333335 0.08527083333333334
10 0.4696458333333334 0.9462916666666668 0.18172916666666666 0.08527083333333334
6 0.7099583333333332 0.9519791666666666 0.17810416666666665 0.072875
0 0.7373125 0.059291666666666666 0.1501875 0.08733333333333333