5 0.9277291666666667 0.06420833333333334 0.08527083333333334 0.0730625
4 0.4345625 0.442625 0.10820833333333332 0.07477083333333333
1 0.5376041666666667 0.060520833333333336 0.10991666666666666 0.07739583333333333
11 0.051000000000000004 0.953125 0.09741666666666667 0.08527083333333334
0 0.6787083333333332 0.04760416666666667 0.0881875 0.07397916666666667
6 0.2939375 0.9145416666666667 0.09368749999999999 0.08227083333333333
3 0.921875 0.17566666666666667 0.06816666666666667 0.0623125
3 0.1813958333333333 0.17725 0.07641666666666666 0.058562499999999997
10 0.4560625 0.9513125 0.1175625 0.097375
3 0.8066458333333333 0.166375 0.072625 0.06585416666666667
9 0.4432916666666667 0.8110625 0.09252083333333333 0.06797916666666667
7 0.8339791666666667 0.9609375 0.09618750000000001 0.07477083333333333
8 0.18383333333333332 0.9394583333333333 0.09331249999999999 0.090875
3 0.059208333333333335 0.20350000000000001 0.07183333333333333 0.0678125
9 0.07641666666666666 0.8251875 0.0810625 0.0674375
9 0.1743125 0.8154375 0.07695833333333332 0.075875
11 0.6840833333333334 0.9389583333333333 0.08600000000000001 0.090875
3 0.6860416666666667 0.18531250000000002 0.07091666666666667 0.059666666666666666
9 0.31275000000000003 0.8105416666666667 0.0785 0.06816666666666667
5 0.059875 0.04 0.06097916666666667 0.07275000000000001
9 0.9570416666666667 0.8046875 0.06891666666666667 0.06683333333333333
3 0.30835416666666665 0.18102083333333333 0.07654166666666667 0.06683333333333333
3 0.5649375 0.43822916666666667 0.06695833333333333 0.0603125
9 0.8042083333333333 0.8168958333333334 0.06210416666666666 0.06041666666666667
9 0.6938541666666667 0.8139583333333333 0.07422916666666667 0.07195833333333333
2 0.6850625 0.3142083333333333 0.08283333333333333 0.06964583333333334
2 0.045187500000000005 0.44325 0.07160416666666666 0.08154166666666667
8 0.7993125 0.4340833333333334 0.08539583333333334 0.0888125