1 0.5390625 0.059666666666666666 0.11102083333333333 0.07752083333333333
0 0.6782291666666667 0.04779166666666667 0.0885 0.0725
3 0.9213958333333333 0.17675000000000002 0.0680625 0.06197916666666667
3 0.6855416666666667 0.18604166666666666 0.06927083333333334 0.059208333333333335
3 0.5649375 0.4396875 0.06952083333333332 0.05975
3 0.8081041666666666 0.16747916666666668 0.07104166666666667 0.06560416666666666
7 0.8325208333333334 0.96275 0.09685416666666667 0.0745
4 0.4350625 0.442375 0.109125 0.07433333333333333
5 0.0603125 0.03933333333333333 0.06210416666666666 0.0700625
9 0.9555625 0.80225 0.07183333333333333 0.07331249999999999
5 0.9277291666666667 0.06610416666666667 0.083625 0.07239583333333334
11 0.6831041666666666 0.9438541666666667 0.08647916666666666 0.08239583333333332
9 0.07641666666666666 0.8222708333333333 0.08166666666666668 0.06597916666666667
3 0.058895833333333335 0.202875 0.07385416666666668 0.06731250000000001
9 0.17725 0.8144583333333333 0.07683333333333334 0.06866666666666667
3 0.3095625 0.182 0.07720833333333334 0.06420833333333334
0 0.1813958333333333 0.17652083333333335 0.07422916666666667 0.0575
10 0.45679166666666665 0.9532083333333333 0.11474999999999999 0.09356249999999999
9 0.8051666666666667 0.8183541666666667 0.06304166666666668 0.060083333333333336
6 0.2938958333333333 0.9135000000000001 0.0988125 0.07554166666666666
9 0.6887291666666666 0.8156666666666667 0.07735416666666667 0.06702083333333334
9 0.31275000000000003 0.8090833333333334 0.07935416666666667 0.07104166666666667
9 0.443125 0.8081041666666666 0.083625 0.07354166666666666
8 0.3078541666666667 0.6723541666666667 0.10266666666666667 0.07695833333333332
2 0.04477083333333333 0.4438125 0.072625 0.08108333333333334
8 0.7978541666666668 0.4399375 0.08539583333333334 0.07935416666666667
2 0.6875 0.3164166666666667 0.07989583333333333 0.0699375