3 0.171875 0.18262499999999998 0.07935416666666667 0.0626875
9 0.8061458333333333 0.807125 0.06560416666666666 0.06020833333333333
0 0.3063958333333333 0.432375 0.091375 0.072875
3 0.049875 0.41308333333333336 0.08385416666666666 0.06408333333333334
11 0.5537083333333332 0.8168958333333334 0.083 0.07227083333333333
9 0.6796875 0.7998125 0.0704375 0.06572916666666667
0 0.3046875 0.16979166666666667 0.0805 0.06256250000000001
8 0.8149375 0.5610416666666667 0.08647916666666666 0.072625
5 0.5693333333333332 0.043458333333333335 0.08447916666666666 0.07195833333333333
0 0.046625 0.542 0.09172916666666667 0.07122916666666666
9 0.050229166666666665 0.807125 0.08122916666666667 0.06452083333333333
7 0.8212916666666668 0.9077083333333333 0.09808333333333333 0.0861875
9 0.3156666666666667 0.557125 0.078375 0.06452083333333333
1 0.2846666666666666 0.05664583333333333 0.11047916666666667 0.0785
3 0.8183541666666667 0.431875 0.0705625 0.0655
3 0.9365208333333332 0.3032291666666667 0.06720833333333333 0.06420833333333334
11 0.9433541666666667 0.6635833333333333 0.06658333333333334 0.06293750000000001
9 0.567375 0.18531250000000002 0.0751875 0.06420833333333334
6 0.7036041666666667 0.2941875 0.08227083333333333 0.06841666666666667