3 0.18445833333333334 0.17174999999999999 0.08227083333333333 0.06879166666666667
3 0.8056666666666668 0.18775 0.06658333333333334 0.06152083333333334
5 0.4248125 0.18775 0.09075000000000001 0.0754375
3 0.2836875 0.411875 0.07825 0.06408333333333334
3 0.9404375 0.328125 0.065375 0.0613125
1 0.7949166666666667 0.057291666666666664 0.10125 0.09466666666666666
9 0.6889583333333333 0.792 0.06952083333333332 0.0628125
7 0.31322916666666667 0.7876041666666667 0.11127083333333333 0.07666666666666666
5 0.5532291666666667 0.050499999999999996 0.08947916666666668 0.0834375
9 0.0678125 0.7099583333333332 0.07964583333333333 0.06464583333333333
11 0.8125 0.9350625 0.08647916666666666 0.07079166666666666
3 0.059000000000000004 0.16979166666666667 0.0805 0.06585416666666667
6 0.6757916666666667 0.3247083333333334 0.08375 0.07239583333333334
9 0.307125 0.5454166666666667 0.08283333333333333 0.06597916666666667