1 0.9223541666666667 0.20654166666666668 0.096375 0.0863125
5 0.6870208333333333 0.18737499999999999 0.0885 0.07464583333333333
9 0.3032291666666667 0.5527291666666667 0.07764583333333334 0.06408333333333334
3 0.8046875 0.197625 0.064875 0.060520833333333336
3 0.28002083333333333 0.4191875 0.07964583333333333 0.06439583333333333
3 0.9394583333333333 0.33789583333333334 0.06560416666666666 0.06110416666666666
3 0.056125 0.17589583333333333 0.07502083333333333 0.06452083333333333
3 0.17149999999999999 0.2995625 0.07385416666666668 0.06408333333333334
6 0.8100625 0.9384791666666668 0.07354166666666666 0.06210416666666666
9 0.06041666666666667 0.5756875 0.0808125 0.065375
7 0.06347916666666667 0.29922916666666666 0.12066666666666667 0.08283333333333333