0 0.3061458333333333 0.431875 0.0915625 0.0731875
3 0.17260416666666664 0.182 0.07879166666666666 0.06293750000000001
3 0.30566666666666664 0.16979166666666667 0.08093750000000001 0.06360416666666667
3 0.050333333333333334 0.41381249999999997 0.08020833333333334 0.06335416666666667
5 0.5688541666666667 0.0439375 0.08527083333333334 0.07354166666666666
3 0.8183541666666667 0.43091666666666667 0.06854166666666667 0.06420833333333334
9 0.3164166666666667 0.557125 0.07752083333333333 0.06464583333333333
9 0.051000000000000004 0.8066458333333333 0.08208333333333333 0.065
9 0.807125 0.8066458333333333 0.06560416666666666 0.0603125
7 0.82325 0.90625 0.09656250000000001 0.08727083333333334
9 0.6801666666666667 0.8007916666666667 0.0700625 0.06464583333333333
11 0.5546875 0.8164166666666667 0.083625 0.07433333333333333
1 0.2841875 0.057291666666666664 0.10931249999999999 0.0778125
3 0.9565416666666666 0.4018541666666666 0.06560416666666666 0.06427083333333333
9 0.9433541666666667 0.6635833333333333 0.06560416666666666 0.06304166666666668
9 0.5668958333333334 0.18383333333333332 0.07531249999999999 0.06222916666666667
8 0.9389583333333333 0.2844166666666667 0.08477083333333332 0.06964583333333334
0 0.4353125 0.9262708333333334 0.09235416666666667 0.07989583333333333
6 0.7060625 0.2934583333333334 0.0855625 0.06952083333333332