3 0.8046875 0.18847916666666667 0.06572916666666667 0.059416666666666666
5 0.42870833333333336 0.045875 0.09039583333333333 0.083
3 0.18297916666666666 0.17174999999999999 0.080375 0.065
1 0.7949166666666667 0.05677083333333333 0.10089583333333334 0.09368749999999999
7 0.4375 0.8110416666666667 0.11010416666666667 0.07708333333333334
3 0.057187499999999995 0.16991666666666666 0.07935416666666667 0.06420833333333334
3 0.2834375 0.4126041666666667 0.08122916666666667 0.06585416666666667
3 0.9414166666666667 0.32860416666666664 0.06622916666666666 0.06189583333333334
9 0.0679375 0.7089791666666667 0.08527083333333334 0.06816666666666667
9 0.6889583333333333 0.7924791666666666 0.06927083333333334 0.06347916666666667
11 0.8120208333333333 0.9345625 0.08710416666666668 0.06964583333333334
6 0.3110416666666667 0.6933541666666667 0.09222916666666667 0.07410416666666667
9 0.30566666666666664 0.546875 0.08093750000000001 0.0655
5 0.41675 0.6962916666666668 0.08789583333333333 0.0655