5 0.2937083333333333 0.8120208333333333 0.12914583333333335 0.06983333333333334
7 0.6425833333333333 0.9389583333333333 0.15429166666666666 0.0808125
9 0.9306666666666668 0.8144583333333333 0.08789583333333333 0.06322916666666667
9 0.7871041666666667 0.6957916666666667 0.09008333333333333 0.06866666666666667
9 0.6787083333333332 0.817875 0.09283333333333334 0.0680625
1 0.7436458333333333 0.2004375 0.18860416666666666 0.09979166666666667
3 0.7973541666666667 0.31322916666666667 0.08527083333333334 0.06408333333333334
8 0.411125 0.05397916666666667 0.12854166666666667 0.10052083333333334
3 0.9311458333333333 0.19091666666666668 0.09039583333333333 0.0705625
3 0.059000000000000004 0.18860416666666666 0.1045 0.06983333333333334
11 0.16091666666666665 0.19677083333333334 0.13393750000000001 0.08208333333333333
0 0.6416041666666668 0.06622916666666666 0.11633333333333334 0.09185416666666667
1 0.6894791666666666 0.19070833333333334 0.091375 0.07479166666666666