9 0.5604166666666667 0.44443750000000004 0.11527083333333334 0.0694375
9 0.6796875 0.8183541666666667 0.09302083333333333 0.06683333333333333
11 0.15929166666666666 0.7192291666666667 0.12420833333333332 0.07275000000000001
8 0.4086458333333333 0.8105416666666667 0.13547916666666668 0.07331249999999999
6 0.40570833333333334 0.5688541666666667 0.12987500000000002 0.07502083333333333
9 0.7998125 0.8051666666666667 0.08929166666666667 0.06395833333333333
9 0.04639583333333333 0.80175 0.08989583333333333 0.0624375
9 0.9316458333333333 0.8144583333333333 0.090875 0.06197916666666667
7 0.8164166666666667 0.9394583333333333 0.14489583333333333 0.08008333333333333
3 0.058020833333333334 0.18702083333333333 0.1039375 0.0701875
1 0.7856458333333334 0.0558125 0.14881250000000001 0.10991666666666666
5 0.17566666666666667 0.05360416666666667 0.1331875 0.09293749999999999
3 0.8001458333333333 0.3125 0.09052083333333334 0.0628125
3 0.5620208333333333 0.17895833333333336 0.0966875 0.06983333333333334
0 0.7890625 0.18408333333333332 0.11145833333333334 0.08166666666666668
3 0.9320625 0.18847916666666667 0.08910416666666668 0.0704375
2 0.2795416666666667 0.5595625 0.13158333333333333 0.072625
3 0.6911458333333333 0.18964583333333335 0.10172916666666666 0.07889583333333333