3 0.7085 0.276125 0.07354166666666666 0.06525
0 0.3029791666666667 0.4360416666666667 0.08979166666666667 0.0706875
3 0.0700625 0.18604166666666666 0.08227083333333333 0.06360416666666667
6 0.724125 0.5473541666666667 0.07922916666666667 0.07227083333333333
1 0.28833333333333333 0.05602083333333333 0.111625 0.078375
9 0.05410416666666666 0.8061458333333333 0.08239583333333332 0.06464583333333333
3 0.17579166666666665 0.182 0.07945833333333334 0.06322916666666667
9 0.6831041666666666 0.7998125 0.0705625 0.06427083333333333
9 0.942375 0.8090833333333334 0.06635416666666667 0.0584375
3 0.3078541666666667 0.1691875 0.07904166666666666 0.06322916666666667
9 0.32714583333333336 0.6894583333333333 0.080625 0.06610416666666667
0 0.3408125 0.306875 0.09270833333333334 0.072625
8 0.6933541666666667 0.682625 0.09125 0.07354166666666666
3 0.8339791666666667 0.166375 0.0679375 0.0613125
9 0.5810625 0.3100625 0.07410416666666667 0.06197916666666667
9 0.8095625 0.8061458333333333 0.06635416666666667 0.06097916666666667
3 0.9472708333333333 0.16589583333333333 0.06816666666666667 0.06347916666666667
5 0.6948333333333333 0.030333333333333334 0.0886875 0.05975
7 0.8271458333333332 0.9145416666666667 0.09754166666666667 0.09172916666666667
11 0.4340833333333334 0.9599583333333332 0.08802083333333334 0.0751875