9 0.9311458333333333 0.8168958333333334 0.08758333333333333 0.06110416666666666
7 0.6450208333333334 0.942375 0.14806249999999999 0.0785
9 0.7880833333333332 0.6967708333333333 0.09172916666666667 0.06841666666666667
3 0.9306666666666668 0.19043749999999998 0.09185416666666667 0.07385416666666668
1 0.7876041666666667 0.0535 0.14856250000000001 0.107
8 0.3967291666666667 0.04764583333333334 0.12633333333333333 0.09527083333333333
9 0.6796875 0.8193333333333332 0.091375 0.06829166666666667
3 0.06395833333333333 0.4414166666666667 0.10504166666666667 0.0674375
3 0.7983333333333333 0.3142083333333333 0.08647916666666666 0.06256250000000001
11 0.5395416666666667 0.57275 0.11297916666666666 0.07104166666666667
0 0.28652083333333334 0.43822916666666667 0.13164583333333332 0.07397916666666667
5 0.2934583333333334 0.8134791666666668 0.12804166666666666 0.06902083333333334