3 0.9262708333333334 0.17785416666666667 0.08739583333333334 0.06708333333333334
6 0.049041666666666664 0.567875 0.09589583333333333 0.06964583333333334
3 0.6630833333333332 0.17566666666666667 0.0910625 0.06585416666666667
9 0.4179791666666667 0.5703125 0.096375 0.06585416666666667
5 0.059416666666666666 0.04510416666666666 0.1171875 0.08587499999999999
5 0.2954166666666667 0.04183333333333333 0.12718749999999998 0.08364583333333334
9 0.17639583333333334 0.5791041666666668 0.1014375 0.06670833333333334
9 0.050145833333333334 0.8086041666666667 0.09741666666666667 0.0626875
1 0.7817291666666667 0.05560416666666667 0.1431875 0.10858333333333332
9 0.5483333333333333 0.4392083333333333 0.09552083333333333 0.065
3 0.0546875 0.4404375 0.10285416666666666 0.06475
3 0.5424791666666666 0.31322916666666667 0.09331249999999999 0.0655
10 0.6329375 0.67675 0.14858333333333332 0.07891666666666668
0 0.055125 0.29614583333333333 0.10779166666666667 0.07477083333333333
9 0.9238333333333333 0.8032291666666667 0.08758333333333333 0.0700625
6 0.671875 0.31224999999999997 0.11962500000000001 0.08122916666666667
9 0.8115208333333332 0.5390625 0.0856875 0.059104166666666666
4 0.5376666666666666 0.8163958333333333 0.14316666666666666 0.07708333333333334
3 0.8056666666666668 0.2993125 0.08647916666666666 0.06658333333333334
10 0.9039375 0.30591666666666667 0.13829166666666665 0.09435416666666667