0 0.19177083333333333 0.2907708333333333 0.09008333333333333 0.06854166666666667
3 0.30664583333333334 0.16979166666666667 0.07825 0.06189583333333334
3 0.7075208333333334 0.2768541666666666 0.07422916666666667 0.06420833333333334
11 0.578125 0.9516666666666667 0.078375 0.07629166666666666
9 0.6816458333333333 0.8002916666666666 0.06983333333333334 0.06408333333333334
3 0.17554166666666668 0.182 0.08135416666666666 0.06322916666666667
9 0.9414166666666667 0.8095625 0.06525 0.06110416666666666
9 0.053000000000000005 0.807125 0.08179166666666667 0.06383333333333334
6 0.7221666666666666 0.5483333333333333 0.08020833333333334 0.07135416666666666
0 0.3408125 0.30591666666666667 0.0910625 0.07079166666666666
5 0.5703125 0.055 0.083625 0.07104166666666667
8 0.6933541666666667 0.6836041666666667 0.09125 0.07410416666666667
9 0.5800833333333333 0.31152083333333336 0.07331249999999999 0.0613125
1 0.286875 0.056854166666666664 0.10741666666666667 0.07641666666666666
9 0.3264166666666667 0.6899375 0.08020833333333334 0.0655
3 0.8320416666666667 0.16735416666666666 0.06720833333333333 0.06210416666666666
9 0.8081041666666666 0.8066458333333333 0.06622916666666666 0.0603125
3 0.9462916666666668 0.166375 0.06720833333333333 0.0628125
7 0.8266666666666667 0.9121041666666667 0.096375 0.08758333333333333
3 0.0680625 0.18822916666666664 0.08197916666666667 0.06464583333333333