6 0.36522916666666666 0.5493125 0.15197916666666667 0.072875
3 0.20629166666666665 0.19543750000000001 0.11218750000000001 0.065125
3 0.06927083333333334 0.20385416666666664 0.11145833333333334 0.0705625
6 0.33495833333333336 0.9418958333333334 0.1638125 0.08960416666666667
9 0.18787500000000001 0.8168958333333334 0.12041666666666666 0.06304166666666668
3 0.854 0.20008333333333334 0.13708333333333333 0.0678125
11 0.07793749999999999 0.92675 0.13427083333333334 0.06395833333333333
9 0.07183333333333333 0.8051666666666667 0.10466666666666667 0.057583333333333334
3 0.35131249999999997 0.31372916666666667 0.10779166666666667 0.0613125
3 0.9501875 0.19091666666666668 0.09533333333333333 0.06310416666666667
0 0.4829166666666667 0.3156666666666667 0.15479166666666666 0.0675625
9 0.3408125 0.8393541666666666 0.11418750000000001 0.057708333333333334
5 0.06197916666666667 0.06420833333333334 0.12291666666666666 0.08208333333333333
9 0.9316458333333333 0.8291041666666668 0.13610416666666666 0.06914583333333332
0 0.33699999999999997 0.051541666666666666 0.1735833333333333 0.0888125
7 0.5947291666666668 0.9431875000000001 0.20458333333333334 0.09027083333333333
3 0.7421875 0.18797916666666667 0.1225 0.0628125
11 0.9316458333333333 0.9560625 0.13097916666666667 0.06064583333333333
3 0.7377916666666666 0.31616666666666665 0.11920833333333333 0.06164583333333333
2 0.20752083333333332 0.052520833333333336 0.1501458333333333 0.08312499999999999
9 0.4716875 0.578125 0.11902083333333334 0.08122916666666667
5 0.9592916666666667 0.09008333333333333 0.08141666666666666 0.0701875
8 0.7197291666666668 0.7065416666666666 0.15147916666666666 0.072625
1 0.6306875000000001 0.049791666666666665 0.21554166666666666 0.09618750000000001
4 0.4828958333333333 0.049791666666666665 0.20122916666666668 0.09618750000000001
9 0.7060625 0.8164166666666667 0.12089583333333334 0.07170833333333333
10 0.46320833333333333 0.9457916666666667 0.17033333333333334 0.08960416666666667
9 0.8020833333333334 0.8247083333333334 0.12047916666666666 0.06927083333333334