9 0.9282291666666667 0.796875 0.065375 0.059666666666666666
3 0.911625 0.177 0.06622916666666666 0.06420833333333334
3 0.18433333333333335 0.16991666666666666 0.07977083333333333 0.06635416666666667
9 0.06854166666666667 0.8037083333333332 0.0855625 0.06622916666666666
3 0.536625 0.45239583333333333 0.07122916666666666 0.06372916666666667
11 0.0678125 0.9155208333333333 0.0993125 0.07385416666666668
11 0.9204166666666667 0.9262708333333334 0.07183333333333333 0.0731875
5 0.932625 0.06731250000000001 0.083 0.07825
9 0.8061458333333333 0.7900416666666668 0.0705625 0.06683333333333333
9 0.18310416666666668 0.8090833333333334 0.07891666666666668 0.06322916666666667
9 0.42602083333333335 0.8168958333333334 0.07531249999999999 0.0584375
3 0.0584375 0.16820833333333332 0.08527083333333334 0.06683333333333333
5 0.049875 0.05489583333333334 0.09741666666666667 0.080625
9 0.2993125 0.7827083333333333 0.075875 0.06335416666666667
3 0.8037083333333332 0.18639583333333334 0.065 0.05975
1 0.6752916666666666 0.1925 0.10633333333333334 0.08647916666666666
2 0.5449166666666667 0.57325 0.08929166666666667 0.07104166666666667
7 0.5659166666666666 0.9336041666666667 0.1066875 0.07160416666666666
0 0.6943333333333332 0.052437500000000005 0.08464583333333334 0.0834375
10 0.39966666666666667 0.9340833333333334 0.11395833333333334 0.07610416666666667
6 0.2939375 0.932625 0.09514583333333333 0.06829166666666667
2 0.2873541666666667 0.30835416666666665 0.09331249999999999 0.07183333333333333
8 0.307625 0.6831041666666666 0.09283333333333334 0.07410416666666667
8 0.6865208333333332 0.6879791666666667 0.080375 0.0754375