9 0.19397916666666667 0.8164166666666667 0.112 0.060770833333333336
7 0.859375 0.9516666666666667 0.18066666666666667 0.07793749999999999
11 0.6987291666666666 0.9545833333333333 0.15027083333333333 0.06927083333333334
9 0.8027291666666667 0.8207916666666667 0.11902083333333334 0.0603125
5 0.35839583333333336 0.051083333333333335 0.14122916666666668 0.083625
10 0.7407291666666667 0.6752916666666666 0.17981250000000001 0.072625
9 0.46460416666666665 0.6967708333333333 0.11633333333333334 0.05310416666666666
4 0.36620833333333336 0.1744375 0.172125 0.0888125
6 0.333 0.9404375 0.15283333333333332 0.07964583333333333
11 0.083 0.9257916666666667 0.13366666666666666 0.06645833333333333
1 0.880375 0.059000000000000004 0.19433333333333333 0.096
3 0.22460416666666666 0.4343333333333333 0.11316666666666667 0.06310416666666667
9 0.9497083333333334 0.67675 0.09270833333333334 0.0613125
0 0.49 0.3151875 0.14758333333333334 0.06891666666666667
5 0.5971666666666666 0.06439583333333333 0.13939583333333333 0.0805
3 0.7496666666666666 0.317375 0.12397916666666667 0.06731250000000001
3 0.9578958333333334 0.18933333333333333 0.08422916666666666 0.065
3 0.7417083333333333 0.18725 0.11554166666666667 0.06304166666666668
9 0.3376458333333333 0.318125 0.11535416666666666 0.06525
9 0.6985625 0.8110208333333334 0.12422916666666667 0.06941666666666667
3 0.8499166666666667 0.3186875 0.12397916666666667 0.06731250000000001