9 0.5388958333333334 0.4680625 0.11110416666666666 0.07777083333333333
9 0.2901666666666667 0.7186875 0.1045 0.0674375
9 0.3033125 0.4124583333333333 0.10875 0.06966666666666667
9 0.4138958333333333 0.8222291666666667 0.1055625 0.075
9 0.15612499999999999 0.8120208333333333 0.09754166666666667 0.06902083333333334
9 0.04689583333333334 0.7998125 0.08691666666666667 0.06177083333333333
9 0.9331041666666666 0.8129791666666667 0.09418750000000001 0.06293750000000001
3 0.057583333333333334 0.18566666666666667 0.10229166666666667 0.06927083333333334
3 0.17552083333333332 0.19054166666666666 0.10225 0.0676875
3 0.5595625 0.17639583333333334 0.09856250000000001 0.06964583333333334
3 0.42675 0.17835416666666667 0.09570833333333333 0.06658333333333334
3 0.6909166666666666 0.17956249999999999 0.09283333333333334 0.06927083333333334
5 0.06085416666666667 0.041854166666666665 0.11779166666666667 0.08370833333333333
2 0.3865208333333333 0.4345833333333333 0.148625 0.08545833333333334
11 0.9363333333333334 0.9516666666666667 0.10883333333333334 0.07183333333333333
11 0.06464583333333333 0.9589791666666667 0.12879166666666667 0.07160416666666666
2 0.16979166666666667 0.04839583333333333 0.14220833333333335 0.0856875
0 0.29491666666666666 0.04558333333333333 0.12939583333333332 0.08960416666666667
8 0.18414583333333334 0.974125 0.13239583333333332 0.050499999999999996
6 0.29210416666666666 0.9453125 0.13245833333333332 0.07183333333333333
6 0.6684583333333334 0.9492291666666667 0.11218750000000001 0.07354166666666666
7 0.539125 0.932125 0.16266666666666665 0.07935416666666667
10 0.425 0.9423541666666666 0.1555625 0.08472916666666667
4 0.41991666666666666 0.04589583333333334 0.15979166666666667 0.09179166666666667
5 0.9165 0.042979166666666666 0.11297916666666666 0.08495833333333333
1 0.5229166666666667 0.0555625 0.1625 0.11110416666666666