3 0.8242291666666667 0.17895833333333336 0.06085416666666667 0.0626875
0 0.19872916666666668 0.1695625 0.07135416666666666 0.07922916666666667
0 0.4499583333333333 0.307625 0.07079166666666666 0.07410416666666667
5 0.0655 0.0603125 0.072625 0.08587499999999999
3 0.5639583333333333 0.2995625 0.0678125 0.06635416666666667
3 0.3247083333333334 0.18370833333333333 0.06939583333333334 0.06964583333333334
3 0.9487291666666666 0.17895833333333336 0.06256250000000001 0.06395833333333333
10 0.4409166666666666 0.9345625 0.07806249999999999 0.07708333333333334
3 0.19483333333333333 0.30420833333333336 0.06622916666666666 0.0655
3 0.06322916666666667 0.18310416666666668 0.06720833333333333 0.0699375
2 0.7060625 0.286375 0.07452083333333334 0.08600000000000001
3 0.692375 0.17664583333333334 0.06475 0.06475
2 0.182 0.051354166666666666 0.07720833333333334 0.09485416666666667
8 0.43652083333333336 0.8164166666666667 0.07366666666666667 0.07227083333333333
9 0.0778125 0.82275 0.0624375 0.06152083333333334
3 0.4418958333333334 0.44506249999999997 0.06383333333333334 0.06360416666666667
9 0.8032291666666667 0.8139583333333333 0.06085416666666667 0.059416666666666666
1 0.8056666666666668 0.04741666666666667 0.08416666666666667 0.09320833333333334
7 0.5654375 0.9375 0.0833125 0.08122916666666667
6 0.6933541666666667 0.9384791666666668 0.07354166666666666 0.0725
6 0.8051666666666667 0.6811458333333333 0.07683333333333334 0.07227083333333333
11 0.07597916666666667 0.9350625 0.0730625 0.0704375
9 0.32445833333333335 0.7085 0.06293750000000001 0.058770833333333335
4 0.4243125 0.050229166666666665 0.07793749999999999 0.09770833333333333
9 0.6933541666666667 0.8149375 0.06645833333333333 0.0614375
9 0.4497083333333334 0.5712916666666668 0.0679375 0.06189583333333334
8 0.6884791666666668 0.6831041666666666 0.07104166666666667 0.0754375
5 0.6728541666666668 0.049124999999999995 0.07433333333333333 0.08739583333333334
11 0.9282291666666667 0.9506875 0.0805 0.07502083333333333
9 0.9301666666666667 0.8256875 0.06939583333333334 0.06525
9 0.19458333333333336 0.8203125 0.057374999999999995 0.059104166666666666
9 0.5707916666666667 0.6879791666666667 0.065375 0.06177083333333333