2 0.6992291666666667 0.31275000000000003 0.0810625 0.08166666666666668
6 0.3254375 0.5756875 0.0703125 0.0704375
7 0.20947916666666666 0.9355416666666667 0.07683333333333334 0.07531249999999999
9 0.4499583333333333 0.5712916666666668 0.06197916666666667 0.0626875
4 0.4409166666666666 0.8266666666666667 0.08166666666666668 0.08197916666666667
0 0.5668958333333334 0.3393541666666666 0.0706875 0.07654166666666667
3 0.6889583333333333 0.42675 0.06708333333333334 0.06585416666666667
3 0.20166666666666666 0.5625 0.0674375 0.0675625
3 0.82325 0.5913125 0.059875 0.059000000000000004
9 0.19483333333333333 0.7036041666666667 0.06020833333333333 0.05864583333333333
3 0.06841666666666667 0.6992291666666667 0.06983333333333334 0.06816666666666667
9 0.8027291666666667 0.7041041666666668 0.0655 0.06293750000000001
9 0.7075208333333334 0.5664166666666667 0.06420833333333334 0.064875
10 0.9238333333333333 0.9404375 0.09008333333333333 0.07904166666666666
1 0.8291041666666668 0.18566666666666667 0.08404166666666667 0.09808333333333333