6 0.04758333333333333 0.5668958333333334 0.0951875 0.0676875
1 0.7817291666666667 0.05560416666666667 0.145625 0.10858333333333332
3 0.6626041666666667 0.1746875 0.0910625 0.06670833333333334
5 0.0584375 0.043770833333333335 0.11674999999999999 0.0855625
3 0.542 0.31202083333333336 0.09552083333333333 0.06720833333333333
3 0.9252916666666666 0.17664583333333334 0.08802083333333334 0.06645833333333333
0 0.0548125 0.2954166666666667 0.10877083333333333 0.07575
3 0.05552083333333333 0.43822916666666667 0.10358333333333333 0.06439583333333333
9 0.546875 0.43677083333333333 0.09504166666666666 0.06708333333333334
9 0.17516666666666666 0.5776458333333333 0.09979166666666667 0.06439583333333333
5 0.2939375 0.04120833333333333 0.12829166666666666 0.08239583333333332
6 0.671875 0.31152083333333336 0.12022916666666666 0.0833125
9 0.417 0.5664166666666667 0.09808333333333333 0.06952083333333332
9 0.04958333333333333 0.807625 0.0989375 0.06189583333333334
3 0.8056666666666668 0.2985833333333333 0.0856875 0.06658333333333334
7 0.6462708333333332 0.5583958333333333 0.1653125 0.08833333333333333
9 0.9233333333333333 0.8027291666666667 0.08739583333333334 0.06902083333333334
9 0.8115208333333332 0.5385833333333333 0.08647916666666666 0.06064583333333333
4 0.39037499999999997 0.8037083333333332 0.14856250000000001 0.07739583333333333
10 0.90125 0.3078541666666667 0.13791666666666666 0.09185416666666667