9 0.9316458333333333 0.817375 0.08910416666666668 0.06097916666666667
9 0.786625 0.6972708333333333 0.08989583333333333 0.06708333333333334
7 0.6435625 0.9414166666666667 0.15172916666666666 0.07935416666666667
9 0.6811458333333333 0.8198333333333333 0.09222916666666667 0.0679375
8 0.6500625 0.5664166666666667 0.12475 0.08008333333333333
5 0.2937083333333333 0.8134791666666668 0.12964583333333332 0.06939583333333334
1 0.786625 0.05335416666666667 0.14758333333333334 0.10672916666666667
3 0.0623125 0.4418958333333334 0.10466666666666667 0.06658333333333334
3 0.9179791666666667 0.4296875 0.08770833333333333 0.065
0 0.30554166666666666 0.682125 0.13404166666666667 0.06720833333333333
3 0.7973541666666667 0.3151875 0.08404166666666667 0.0624375
11 0.4123541666666667 0.45189583333333333 0.12000000000000001 0.07452083333333334