1 0.786625 0.05279166666666667 0.14856250000000001 0.10558333333333333
7 0.646 0.9414166666666667 0.14710416666666667 0.07739583333333333
9 0.9287083333333332 0.8164166666666667 0.08947916666666668 0.0628125
3 0.0610625 0.4406666666666667 0.10877083333333333 0.0679375
8 0.3955 0.04752083333333333 0.12525 0.09331249999999999
9 0.7880833333333332 0.6957916666666667 0.09320833333333334 0.06585416666666667
3 0.9301666666666667 0.1898125 0.08947916666666668 0.0701875
9 0.6787083333333332 0.8188541666666667 0.09172916666666667 0.0678125
11 0.6546041666666667 0.5981458333333334 0.12708333333333333 0.07079166666666666
5 0.29272916666666665 0.8120208333333333 0.12695833333333334 0.06914583333333332
3 0.7973541666666667 0.31275000000000003 0.083625 0.0626875
0 0.40058333333333335 0.3242291666666667 0.1294375 0.07708333333333334