9 0.42993750000000003 0.7123958333333333 0.0679375 0.057291666666666664
9 0.29614583333333333 0.7085 0.08283333333333333 0.06256250000000001
9 0.06560416666666666 0.7099583333333332 0.08587499999999999 0.06572916666666667
6 0.16564583333333335 0.7890625 0.09704166666666666 0.07160416666666666
3 0.18272916666666666 0.17174999999999999 0.08252083333333333 0.06670833333333334
3 0.8037083333333332 0.18958333333333333 0.064875 0.059875
11 0.06420833333333334 0.9179791666666667 0.10358333333333333 0.07610416666666667
9 0.3149375 0.7714791666666667 0.08008333333333333 0.06222916666666667
3 0.31347916666666664 0.17064583333333333 0.08020833333333334 0.06658333333333334
5 0.04889583333333333 0.05654166666666667 0.09777083333333333 0.08135416666666666
9 0.6870208333333333 0.7929791666666667 0.07147916666666668 0.06347916666666667
3 0.057291666666666664 0.17089583333333333 0.08416666666666667 0.06622916666666666
3 0.4240625 0.4345625 0.078375 0.06420833333333334
11 0.57275 0.9365208333333332 0.09008333333333333 0.0676875
7 0.8188541666666667 0.9394583333333333 0.094 0.07531249999999999
3 0.9409166666666666 0.32935416666666667 0.06635416666666667 0.06189583333333334
3 0.5380833333333332 0.45410416666666664 0.06983333333333334 0.06293750000000001
2 0.28710416666666666 0.3094791666666667 0.094 0.07422916666666667
5 0.921875 0.6836041666666667 0.07904166666666666 0.06658333333333334
4 0.8139583333333333 0.8129791666666667 0.09485416666666667 0.0755625
1 0.7939375 0.058229166666666665 0.09845833333333333 0.09222916666666667