9 0.6798541666666666 0.8194374999999999 0.10139583333333334 0.07222916666666666
9 0.9287083333333332 0.8134791666666668 0.08660416666666666 0.065125
8 0.7958958333333332 0.9448333333333333 0.11797916666666668 0.072875
9 0.7983333333333333 0.8046875 0.09075000000000001 0.06420833333333334
9 0.04714583333333333 0.8002916666666666 0.09008333333333333 0.06452083333333333
11 0.064625 0.958 0.12925 0.07433333333333333
11 0.9384791666666668 0.953125 0.1095 0.06964583333333334
9 0.5395416666666667 0.46849999999999997 0.09570833333333333 0.06293750000000001
7 0.537625 0.935875 0.15899999999999997 0.0840625
9 0.15406250000000002 0.8125 0.10541666666666667 0.0706875
10 0.442875 0.9404375 0.16210416666666666 0.072875
6 0.28729166666666667 0.9459375 0.13470833333333332 0.0734375
6 0.6685 0.9481041666666666 0.12400000000000001 0.0761875
8 0.18597916666666667 0.9721666666666666 0.13570833333333335 0.055
0 0.661125 0.057916666666666665 0.11841666666666667 0.08989583333333333
3 0.057187499999999995 0.18775 0.10229166666666667 0.06902083333333334
3 0.17566666666666667 0.19164583333333332 0.0989375 0.0674375
5 0.9155208333333333 0.043458333333333335 0.11737500000000001 0.08691666666666667
3 0.5615208333333332 0.17750000000000002 0.096375 0.0679375
2 0.3889166666666667 0.4392083333333333 0.12695833333333334 0.072625
3 0.4077083333333333 0.30835416666666665 0.09789583333333333 0.06879166666666667
3 0.9306666666666668 0.18847916666666667 0.08691666666666667 0.06902083333333334
2 0.16518750000000001 0.05072916666666667 0.14291666666666666 0.08527083333333334
3 0.6889583333333333 0.18164583333333334 0.0915625 0.06879166666666667
1 0.5212708333333333 0.05552083333333333 0.15264583333333331 0.11104166666666666
3 0.8027291666666667 0.17614583333333333 0.08929166666666667 0.06658333333333334
4 0.41010416666666666 0.047374999999999994 0.1531875 0.09445833333333334
5 0.06210416666666666 0.043229166666666666 0.12420833333333332 0.08645833333333333
0 0.2993125 0.0483125 0.12793749999999998 0.08897916666666666
9 0.43164583333333334 0.5707916666666667 0.10339583333333334 0.0705625