9 0.5569375 0.44375 0.1055625 0.07083333333333333
9 0.6801666666666667 0.8188541666666667 0.090875 0.06525
9 0.7993125 0.8056666666666668 0.08802083333333334 0.06408333333333334
10 0.5175833333333333 0.55175 0.13610416666666666 0.07806249999999999
9 0.9296875 0.8159166666666666 0.0881875 0.058770833333333335
6 0.269125 0.7055625 0.12789583333333335 0.06891666666666667
9 0.15637500000000001 0.8159166666666666 0.09656250000000001 0.06304166666666668
9 0.0468125 0.8007916666666667 0.08910416666666668 0.06189583333333334
8 0.4123541666666667 0.8105416666666667 0.13208333333333333 0.07341666666666667
11 0.5561458333333333 0.9448333333333333 0.122125 0.07385416666666668
7 0.8144583333333333 0.9389583333333333 0.13939583333333333 0.08154166666666667
11 0.0655 0.9585 0.12793749999999998 0.07275000000000001
3 0.05864583333333333 0.18787500000000001 0.1014375 0.0699375
3 0.5625 0.17956249999999999 0.096375 0.06841666666666667
2 0.28941666666666666 0.432625 0.13539583333333333 0.08375
4 0.4023541666666667 0.04714583333333333 0.14660416666666667 0.09235416666666667
5 0.1623125 0.04210416666666667 0.128875 0.08422916666666666
0 0.7871041666666667 0.1849375 0.1169375 0.08252083333333333
3 0.7973541666666667 0.31275000000000003 0.08679166666666666 0.06360416666666667
5 0.6704166666666667 0.050812500000000003 0.12291666666666666 0.09235416666666667
3 0.6909166666666666 0.18968749999999998 0.0915625 0.06983333333333334
1 0.7874583333333334 0.056854166666666664 0.14956250000000001 0.11029166666666666
3 0.9311458333333333 0.18968749999999998 0.08929166666666667 0.0703125