3 0.7993125 0.3125 0.09860416666666666 0.06666666666666667
3 0.9306666666666668 0.1899375 0.08960416666666667 0.07079166666666666
3 0.058562499999999997 0.18762500000000001 0.1019375 0.06927083333333334
3 0.6909166666666666 0.18968749999999998 0.0935 0.06952083333333332
3 0.5610416666666667 0.17908333333333332 0.09656250000000001 0.06866666666666667
2 0.5166041666666666 0.2778333333333334 0.1225 0.08660416666666666
0 0.7885833333333333 0.18310416666666668 0.11595833333333333 0.08122916666666667
5 0.16479166666666664 0.04170833333333333 0.12804166666666666 0.08339583333333334
5 0.6689375 0.049875 0.12189583333333333 0.0935
4 0.4012291666666667 0.04770833333333333 0.14662499999999998 0.09283333333333334
1 0.786625 0.057583333333333334 0.14635416666666667 0.109125
10 0.5175833333333333 0.5532291666666667 0.1379375 0.078375
6 0.266625 0.7050833333333333 0.1363125 0.06952083333333332
9 0.7988333333333333 0.8056666666666668 0.08710416666666668 0.0626875
9 0.0481875 0.8016875 0.09285416666666667 0.06466666666666666
9 0.557125 0.4401875 0.0993125 0.0679375
9 0.15429166666666666 0.8154375 0.09785416666666666 0.06395833333333333
9 0.6796875 0.8193333333333332 0.09039583333333333 0.06645833333333333
9 0.9306666666666668 0.8144583333333333 0.0863125 0.0623125
11 0.5561458333333333 0.9438541666666667 0.12189583333333333 0.07452083333333334
8 0.40895833333333337 0.8100625 0.14106249999999998 0.07183333333333333
7 0.8139583333333333 0.9394583333333333 0.13866666666666666 0.08270833333333334
11 0.06527083333333333 0.9589791666666667 0.1305625 0.07183333333333333