9 0.5576458333333334 0.4423541666666667 0.10139583333333334 0.07083333333333333
9 0.6801666666666667 0.8168958333333334 0.09466666666666666 0.0674375
9 0.7988333333333333 0.8046875 0.09368749999999999 0.0655
6 0.40650000000000003 0.567375 0.124625 0.07410416666666667
11 0.15808333333333333 0.7182708333333333 0.13158333333333333 0.0755625
9 0.9292083333333333 0.8149375 0.09008333333333333 0.06189583333333334
3 0.0603125 0.18797916666666667 0.1070625 0.07091666666666667
8 0.41304166666666664 0.8095625 0.14235416666666667 0.078375
9 0.04595833333333333 0.8002916666666666 0.09125 0.06372916666666667
7 0.8159166666666666 0.9403541666666667 0.14366666666666666 0.08283333333333333
0 0.7876666666666666 0.18347916666666667 0.11441666666666667 0.0808125
5 0.41602083333333334 0.06189583333333334 0.1276875 0.09270833333333334
3 0.5620208333333333 0.17895833333333336 0.09770833333333333 0.06914583333333332
1 0.7871041666666667 0.05572916666666667 0.151 0.11127083333333333
3 0.692375 0.18835416666666666 0.09125 0.06964583333333334
2 0.28002083333333333 0.5581041666666666 0.13208333333333333 0.07239583333333334
3 0.796875 0.31177083333333333 0.08539583333333334 0.06395833333333333
3 0.9306666666666668 0.18797916666666667 0.08989583333333333 0.0706875