3 0.8349583333333332 0.16710416666666666 0.06829166666666667 0.06164583333333333
3 0.6879791666666667 0.17845833333333333 0.0725 0.0628125
3 0.07170833333333333 0.18712499999999999 0.08385416666666666 0.06464583333333333
3 0.17750000000000002 0.182125 0.08020833333333334 0.06256250000000001
3 0.31933333333333336 0.1813958333333333 0.08227083333333333 0.06395833333333333
3 0.94775 0.166875 0.06720833333333333 0.06310416666666667
5 0.07764583333333334 0.055125 0.09570833333333333 0.072875
2 0.3149375 0.307375 0.0834375 0.0680625
2 0.703125 0.2934583333333334 0.08179166666666667 0.07160416666666666
9 0.9453125 0.8095625 0.06708333333333334 0.059416666666666666
9 0.6850625 0.8002916666666666 0.07183333333333333 0.06439583333333333
0 0.6938541666666667 0.043604166666666666 0.08385416666666666 0.0701875
11 0.9497083333333334 0.9365208333333332 0.07629166666666666 0.0755625
9 0.8110416666666667 0.807125 0.06720833333333333 0.06097916666666667
1 0.5463958333333333 0.045187500000000005 0.10247916666666666 0.0751875
9 0.5810625 0.4404375 0.07610416666666667 0.0626875
9 0.5747083333333334 0.5634791666666668 0.0704375 0.06210416666666666
0 0.8266666666666667 0.5434583333333334 0.080375 0.07354166666666666
11 0.05260416666666667 0.9384791666666668 0.0966875 0.09283333333333334
9 0.05572916666666667 0.807125 0.08283333333333333 0.064875
6 0.3159166666666666 0.55225 0.0888125 0.06891666666666667
7 0.557625 0.9433541666666667 0.10722916666666667 0.09685416666666667
6 0.31127083333333333 0.9379791666666667 0.07945833333333334 0.06720833333333333
8 0.6967708333333333 0.682625 0.09204166666666666 0.0751875
5 0.9589791666666667 0.04654166666666667 0.07708333333333334 0.07147916666666668
9 0.18958333333333333 0.8046875 0.08252083333333333 0.07464583333333333
8 0.42235416666666664 0.9204166666666667 0.09504166666666666 0.07122916666666666