9 0.9506875 0.67725 0.09447916666666667 0.0624375
6 0.3344791666666667 0.9414166666666667 0.15197916666666667 0.08447916666666666
1 0.8818333333333332 0.059541666666666666 0.20397916666666666 0.09283333333333334
3 0.7421875 0.31664583333333335 0.12041666666666666 0.06020833333333333
7 0.8549791666666666 0.9536041666666667 0.19164583333333332 0.07891666666666668
9 0.19372916666666665 0.8168958333333334 0.11241666666666666 0.060520833333333336
9 0.7053958333333333 0.8100625 0.11747916666666666 0.06597916666666667
11 0.6974374999999999 0.9555625 0.15620833333333334 0.06964583333333334
0 0.49170833333333336 0.3156666666666667 0.14954166666666666 0.07147916666666668
9 0.4653333333333334 0.6967708333333333 0.11474999999999999 0.05645833333333334
5 0.48510416666666667 0.05991666666666667 0.1478125 0.08847916666666666
3 0.10302083333333334 0.32275 0.11241666666666666 0.06622916666666666
4 0.36743750000000003 0.17627083333333332 0.17029166666666665 0.0885
11 0.08416666666666667 0.92725 0.13574999999999998 0.06658333333333334
9 0.8037083333333332 0.8217708333333333 0.11285416666666667 0.06256250000000001
3 0.8608333333333333 0.19872916666666668 0.12879166666666667 0.06720833333333333
3 0.23522916666666666 0.4592291666666667 0.11145833333333334 0.06304166666666668
5 0.5983125 0.060520833333333336 0.143 0.083625
3 0.9526458333333333 0.18822916666666664 0.0885 0.06902083333333334
9 0.09533333333333333 0.567375 0.10991666666666666 0.059104166666666666
10 0.5151458333333333 0.432625 0.18272916666666666 0.08385416666666666
9 0.33716666666666667 0.317375 0.115 0.06427083333333333
3 0.74625 0.1883125 0.12879166666666667 0.06720833333333333