9 0.5263958333333333 0.4125 0.10277083333333333 0.0694375
8 0.6542916666666667 0.7001875 0.11633333333333334 0.0705625
10 0.16197916666666667 0.19433333333333333 0.14391666666666666 0.08897916666666666
11 0.5556666666666668 0.9438541666666667 0.12445833333333334 0.07610416666666667
9 0.6796875 0.8193333333333332 0.09485416666666667 0.06683333333333333
9 0.7983333333333333 0.8056666666666668 0.0910625 0.06464583333333333
6 0.40527083333333336 0.8149375 0.12829166666666666 0.07091666666666667
3 0.5620208333333333 0.17810416666666665 0.0989375 0.06720833333333333
3 0.7973541666666667 0.31372916666666667 0.08539583333333334 0.06304166666666668
2 0.27404166666666663 0.3081875 0.13935416666666667 0.07943750000000001
7 0.8149375 0.9413333333333332 0.14172916666666666 0.08179166666666667
2 0.5195833333333334 0.30175 0.1294375 0.07654166666666667
3 0.058562499999999997 0.18872916666666667 0.1039375 0.06983333333333334
9 0.04672916666666667 0.8012708333333334 0.08979166666666667 0.06293750000000001
4 0.4033125 0.04770833333333333 0.14758333333333334 0.09435416666666667
9 0.932625 0.8149375 0.09027083333333333 0.0623125
3 0.9301666666666667 0.1903125 0.09075000000000001 0.06964583333333334
5 0.06585416666666667 0.049875 0.12964583333333332 0.08802083333333334
9 0.15514583333333334 0.8134791666666668 0.09845833333333333 0.0699375
8 0.19483333333333333 0.9731458333333334 0.12572916666666667 0.05291666666666666
0 0.7876041666666667 0.18408333333333332 0.11127083333333333 0.07977083333333333
11 0.06602083333333333 0.9589791666666667 0.12927083333333333 0.0701875
3 0.6884791666666668 0.18127083333333335 0.08979166666666667 0.06983333333333334
1 0.7832083333333333 0.05654166666666667 0.15283333333333332 0.10722916666666667
5 0.6699166666666667 0.0493125 0.11674999999999999 0.08947916666666668