7 0.08093750000000001 0.8295833333333333 0.07860416666666666 0.07410416666666667
9 0.57325 0.6918958333333334 0.06110416666666666 0.05975
6 0.32689583333333333 0.5761666666666667 0.0701875 0.06891666666666667
9 0.453125 0.5737291666666666 0.0623125 0.06164583333333333
8 0.8198333333333333 0.45508333333333334 0.0810625 0.07331249999999999
9 0.7099583333333332 0.5717708333333333 0.0624375 0.059416666666666666
10 0.057708333333333334 0.9418958333333334 0.08093750000000001 0.08020833333333334
3 0.5639583333333333 0.30345833333333333 0.06427083333333333 0.065
3 0.202875 0.5634791666666668 0.06854166666666667 0.06645833333333333
0 0.4487291666666666 0.16991666666666666 0.0703125 0.0834375
3 0.06525 0.5707916666666667 0.06585416666666667 0.064875
9 0.1955625 0.7045833333333333 0.059541666666666666 0.058562499999999997
2 0.6743125 0.3256875 0.08208333333333333 0.08093750000000001
3 0.8237291666666666 0.59375 0.058895833333333335 0.058145833333333334
9 0.8046875 0.7055625 0.06360416666666667 0.058895833333333335
1 0.8295833333333333 0.18762500000000001 0.08647916666666666 0.09754166666666667
3 0.6889583333333333 0.42845833333333333 0.065125 0.06210416666666666
4 0.8056666666666668 0.94825 0.08660416666666666 0.08252083333333333