8 0.8042083333333333 0.932625 0.09466666666666666 0.07452083333333334
3 0.8335 0.1665 0.0678125 0.06164583333333333
3 0.17675000000000002 0.18114583333333334 0.08135416666666666 0.0628125
3 0.6870208333333333 0.17810416666666665 0.0705625 0.0614375
3 0.557625 0.17614583333333333 0.0751875 0.06210416666666666
6 0.6938541666666667 0.92675 0.08208333333333333 0.07464583333333333
3 0.317875 0.18006250000000001 0.0808125 0.06335416666666667
11 0.9497083333333334 0.9350625 0.07793749999999999 0.07531249999999999
5 0.07666666666666666 0.05441666666666667 0.09331249999999999 0.07135416666666666
3 0.0705625 0.18604166666666666 0.083 0.06293750000000001
7 0.5595625 0.9414166666666667 0.10741666666666667 0.096375
0 0.6938541666666667 0.043708333333333335 0.08495833333333333 0.07170833333333333
2 0.8144583333333333 0.044333333333333336 0.07410416666666667 0.0731875
4 0.44116666666666665 0.04491666666666667 0.11181250000000001 0.07739583333333333
3 0.3142083333333333 0.5512708333333334 0.075875 0.060770833333333336
2 0.18652083333333333 0.06110416666666666 0.09185416666666667 0.07170833333333333
3 0.94775 0.16614583333333333 0.06670833333333334 0.06293750000000001
9 0.43016666666666664 0.5615208333333332 0.07610416666666667 0.06197916666666667
9 0.9433541666666667 0.807625 0.0655 0.059000000000000004
0 0.29491666666666666 0.05572916666666667 0.09368749999999999 0.07195833333333333
9 0.0559375 0.8051666666666667 0.08020833333333334 0.06475
8 0.3149375 0.6909166666666666 0.10052083333333334 0.07433333333333333
5 0.958 0.04558333333333333 0.07764583333333334 0.07208333333333333
11 0.059000000000000004 0.9292083333333333 0.0810625 0.07708333333333334
6 0.3078541666666667 0.9379791666666667 0.08660416666666666 0.07739583333333333
9 0.5615208333333332 0.8105416666666667 0.07170833333333333 0.0613125
1 0.5454166666666667 0.045187500000000005 0.09827083333333334 0.07575
9 0.6845625 0.7988333333333333 0.07091666666666667 0.06475
9 0.8105416666666667 0.8066458333333333 0.06439583333333333 0.059104166666666666
9 0.18835416666666666 0.8061458333333333 0.08600000000000001 0.0676875
10 0.4157708333333333 0.942875 0.10858333333333332 0.09283333333333334