6 0.6559166666666666 0.9345625 0.1175625 0.0680625
9 0.177125 0.8051666666666667 0.10466666666666667 0.06256250000000001
10 0.3996875 0.9291250000000001 0.1441875 0.07729166666666668
9 0.051458333333333335 0.8105416666666667 0.09966666666666667 0.06360416666666667
11 0.9282291666666667 0.9262708333333334 0.10302083333333334 0.06879166666666667
7 0.5244583333333334 0.934625 0.15729166666666666 0.0851875
11 0.05864583333333333 0.9409166666666666 0.11595833333333333 0.07531249999999999
9 0.7963958333333333 0.8046875 0.0855625 0.059104166666666666
8 0.40097916666666666 0.8110416666666667 0.142375 0.07275000000000001
1 0.5317291666666667 0.04425 0.15172916666666666 0.0885
3 0.6699166666666667 0.17260416666666664 0.09320833333333334 0.06658333333333334
3 0.8066458333333333 0.17639583333333334 0.09302083333333333 0.06829166666666667
9 0.9248125 0.8037083333333332 0.09302083333333333 0.0678125
3 0.28833333333333333 0.29320833333333335 0.10033333333333333 0.06464583333333333
9 0.2939375 0.8105416666666667 0.10266666666666667 0.05560416666666667
5 0.05677083333333333 0.04491666666666667 0.11241666666666666 0.08660416666666666
3 0.9233333333333333 0.17750000000000002 0.08679166666666666 0.06525
9 0.4275 0.5625 0.09722916666666667 0.06683333333333333
0 0.42260416666666667 0.3095625 0.13 0.07464583333333333
9 0.55225 0.7006875 0.09504166666666666 0.06610416666666667
9 0.6762708333333334 0.7978541666666668 0.09252083333333333 0.0613125
6 0.776375 0.6914166666666667 0.115 0.07147916666666668
3 0.5273541666666667 0.3007916666666667 0.09656250000000001 0.06731250000000001
4 0.26685416666666667 0.17614583333333333 0.15125 0.0944375
3 0.1643125 0.17870833333333333 0.1015625 0.06866666666666667
0 0.29589583333333336 0.0428125 0.13183333333333333 0.0834375
3 0.06464583333333333 0.16722916666666665 0.1045 0.06841666666666667
3 0.411875 0.43702083333333336 0.090875 0.058145833333333334
5 0.9174791666666666 0.05175 0.11358333333333334 0.08960416666666667
2 0.6635833333333333 0.30272916666666666 0.12572916666666667 0.075875
2 0.17835416666666667 0.04639583333333333 0.13843750000000002 0.08447916666666666
8 0.5434583333333334 0.4396875 0.13366666666666666 0.0778125