11 0.0755625 0.9282291666666667 0.13708333333333333 0.0655
3 0.7373125 0.3159166666666666 0.12000000000000001 0.06335416666666667
3 0.2048333333333333 0.19604166666666664 0.11241666666666666 0.06695833333333333
3 0.0676875 0.20739583333333333 0.11218750000000001 0.0731875
9 0.18712499999999999 0.8168958333333334 0.1225 0.065375
7 0.6005833333333332 0.9483958333333333 0.19920833333333335 0.0883125
9 0.33789583333333334 0.8393541666666666 0.11358333333333334 0.06064583333333333
3 0.9516666666666667 0.18958333333333333 0.09418750000000001 0.06560416666666666
9 0.932625 0.8354583333333333 0.12793749999999998 0.07695833333333332
5 0.9585 0.08979166666666667 0.083 0.06841666666666667
9 0.07597916666666667 0.8056666666666668 0.10839583333333333 0.056854166666666664
5 0.06304166666666668 0.06347916666666667 0.12420833333333332 0.0833125
9 0.7042708333333334 0.8129791666666667 0.12402083333333333 0.0655
3 0.35108333333333336 0.3149375 0.11010416666666667 0.0626875
3 0.7431666666666668 0.18908333333333335 0.12718749999999998 0.0611875
8 0.71875 0.708 0.15075 0.0701875
1 0.6284166666666666 0.051666666666666666 0.20691666666666667 0.094
9 0.7978541666666668 0.82325 0.10558333333333333 0.05835416666666667
0 0.3464375 0.05541666666666667 0.16858333333333334 0.083625
9 0.4709375 0.5712916666666668 0.1175625 0.06816666666666667
11 0.9311458333333333 0.9545833333333333 0.13391666666666666 0.06197916666666667
0 0.48364583333333333 0.3156666666666667 0.1538125 0.0680625
6 0.7041041666666668 0.9545833333333333 0.17247916666666668 0.06622916666666666
2 0.20214583333333333 0.05204166666666667 0.145625 0.083
4 0.4780208333333333 0.050958333333333335 0.18829166666666666 0.09958333333333333
3 0.848625 0.2008125 0.12718749999999998 0.0611875
6 0.3350416666666666 0.9418958333333334 0.15202083333333333 0.07739583333333333
10 0.46322916666666664 0.9467083333333334 0.19591666666666668 0.08314583333333332