10 0.32325 0.8164166666666667 0.07641666666666666 0.07366666666666667
3 0.5639583333333333 0.3025 0.06635416666666667 0.06408333333333334
9 0.07695833333333332 0.8247083333333334 0.058895833333333335 0.058562499999999997
4 0.44629166666666664 0.3146875 0.07935416666666667 0.08910416666666668
0 0.19910416666666667 0.17064583333333333 0.07170833333333333 0.0805
11 0.9292083333333333 0.9526458333333333 0.07891666666666668 0.0725
3 0.6875 0.4265208333333333 0.065 0.06222916666666667
9 0.9306666666666668 0.8271458333333332 0.06879166666666667 0.06475
3 0.44164583333333335 0.44654166666666667 0.06310416666666667 0.06360416666666667
5 0.065125 0.0624375 0.07477083333333333 0.08660416666666666
7 0.5649375 0.9394583333333333 0.08135416666666666 0.07977083333333333
9 0.5722708333333333 0.6899375 0.0626875 0.0603125
3 0.19470833333333332 0.30541666666666667 0.06622916666666666 0.06622916666666666
1 0.9418958333333334 0.05529166666666666 0.09447916666666667 0.10033333333333333
3 0.3237291666666666 0.1849375 0.0678125 0.06854166666666667
3 0.06304166666666668 0.18445833333333334 0.06841666666666667 0.0700625
8 0.4509375 0.8051666666666667 0.07793749999999999 0.07366666666666667
9 0.32714583333333336 0.7089791666666667 0.06097916666666667 0.05697916666666667
9 0.19227083333333334 0.8207916666666667 0.06110416666666666 0.060520833333333336
9 0.4514166666666667 0.5722708333333333 0.06645833333333333 0.06177083333333333
5 0.6733333333333333 0.050895833333333335 0.07354166666666666 0.08660416666666666
9 0.692875 0.8168958333333334 0.06372916666666667 0.057374999999999995
2 0.18225 0.05339583333333333 0.078375 0.096375
11 0.07464583333333333 0.9365208333333332 0.07366666666666667 0.07104166666666667
9 0.8037083333333332 0.8159166666666666 0.0603125 0.05835416666666667
3 0.8207916666666667 0.45679166666666665 0.06020833333333333 0.059333333333333335
6 0.8159166666666666 0.3298333333333333 0.07183333333333333 0.07422916666666667