9 0.5569375 0.44166666666666665 0.10833333333333334 0.07777083333333333
3 0.057916666666666665 0.18835416666666666 0.1070625 0.07079166666666666
3 0.5625 0.17845833333333333 0.09514583333333333 0.06841666666666667
3 0.6904375 0.1899375 0.09235416666666667 0.0705625
3 0.7963958333333333 0.31224999999999997 0.08647916666666666 0.06347916666666667
3 0.9311458333333333 0.1903125 0.08789583333333333 0.0706875
9 0.9345625 0.8159166666666666 0.09808333333333333 0.06164583333333333
9 0.7988333333333333 0.8061458333333333 0.09222916666666667 0.06464583333333333
9 0.6817083333333334 0.8183541666666667 0.09485416666666667 0.06841666666666667
9 0.04639583333333333 0.8012708333333334 0.09281249999999999 0.06372916666666667
5 0.40697916666666667 0.5644583333333333 0.12683333333333333 0.07433333333333333
11 0.16699999999999998 0.07531249999999999 0.12793749999999998 0.08947916666666668
0 0.6455 0.06658333333333334 0.11658333333333333 0.09008333333333333
7 0.8159166666666666 0.9399375 0.14441666666666667 0.08789583333333333
1 0.7871041666666667 0.059104166666666666 0.14758333333333334 0.11047916666666667
8 0.5317083333333333 0.7093333333333334 0.13652083333333334 0.0836875