9 0.5590208333333333 0.44097916666666664 0.10416666666666667 0.07360416666666666
8 0.4165 0.8115208333333332 0.14685416666666665 0.07720833333333334
9 0.9336041666666667 0.8149375 0.1014375 0.06816666666666667
11 0.5409583333333334 0.7148333333333333 0.15102083333333333 0.0730625
6 0.40502083333333333 0.5698333333333333 0.12914583333333335 0.0755625
9 0.048125 0.8027291666666667 0.09302083333333333 0.06335416666666667
11 0.17149999999999999 0.9501875 0.13610416666666666 0.07239583333333334
3 0.5639583333333333 0.17908333333333332 0.10089583333333334 0.07122916666666666
3 0.059125 0.18760416666666666 0.10562500000000001 0.07410416666666667
5 0.1643125 0.04210416666666667 0.13158333333333333 0.08422916666666666
3 0.7978541666666668 0.31322916666666667 0.08495833333333333 0.06360416666666667
5 0.6708958333333332 0.051000000000000004 0.12420833333333332 0.094
3 0.9296875 0.1898125 0.09204166666666666 0.0700625
0 0.7885833333333333 0.18445833333333334 0.11437499999999999 0.0810625
1 0.7856458333333334 0.057291666666666664 0.15125 0.10760416666666667
3 0.6910416666666667 0.1901875 0.10229166666666667 0.07400000000000001
2 0.179 0.8184583333333334 0.14685416666666665 0.07720833333333334