9 0.6736041666666667 0.5673541666666666 0.1 0.07639583333333334
9 0.80225 0.5551666666666667 0.08929166666666667 0.059541666666666666
6 0.8997708333333333 0.5742916666666668 0.1113125 0.0754375
9 0.42089583333333336 0.5668958333333334 0.09704166666666666 0.06622916666666666
9 0.29175 0.69825 0.09997916666666667 0.059958333333333336
9 0.17822916666666666 0.80225 0.10016666666666667 0.06427083333333333
9 0.05333333333333334 0.8123541666666667 0.09912499999999999 0.068
6 0.2916875 0.8129791666666667 0.13291666666666666 0.0674375
9 0.9248125 0.8027291666666667 0.08929166666666667 0.06829166666666667
3 0.41454166666666664 0.43627083333333333 0.09172916666666667 0.0584375
3 0.16129166666666667 0.43554166666666666 0.09966666666666667 0.06372916666666667
8 0.4075 0.8120208333333333 0.14070833333333335 0.07122916666666666
3 0.056125 0.43872916666666667 0.1043125 0.06439583333333333
3 0.6728541666666668 0.171875 0.09368749999999999 0.06610416666666667
10 0.9030625000000001 0.6904375 0.1343125 0.07695833333333332
3 0.8066458333333333 0.29735416666666664 0.08960416666666667 0.0655
3 0.5292916666666667 0.2998125 0.09827083333333334 0.06708333333333334
0 0.05441666666666667 0.2941875 0.1066875 0.07464583333333333
0 0.42310416666666667 0.30835416666666665 0.12683333333333333 0.0754375
11 0.9268333333333333 0.9278541666666666 0.10489583333333334 0.07308333333333333
11 0.06179166666666667 0.9407708333333333 0.1235625 0.08252083333333333
7 0.5313958333333333 0.9311458333333333 0.16374999999999998 0.0778125
3 0.9252916666666666 0.17760416666666667 0.08770833333333333 0.06670833333333334
2 0.6650416666666668 0.30175 0.12891666666666668 0.07531249999999999
2 0.41202083333333334 0.16825 0.13360416666666666 0.08391666666666667
5 0.0605 0.0439375 0.1189375 0.0855625
5 0.29662499999999997 0.0414375 0.12964583333333332 0.08285416666666667
4 0.26679166666666665 0.17445833333333333 0.15452083333333333 0.09874999999999999
1 0.7799166666666667 0.050895833333333335 0.14760416666666665 0.10175000000000001
8 0.5419375 0.4406666666666667 0.13935416666666667 0.07879166666666666