3 0.5356458333333334 0.453125 0.0678125 0.0614375
9 0.43091666666666667 0.7128958333333333 0.07239583333333334 0.05697916666666667
9 0.29564583333333333 0.7075208333333334 0.080625 0.06395833333333333
3 0.31297916666666664 0.16991666666666666 0.07879166666666666 0.0675625
2 0.28783333333333333 0.31054166666666666 0.09172916666666667 0.07331249999999999
9 0.06560416666666666 0.7085 0.08447916666666666 0.065
6 0.16722916666666665 0.7876041666666667 0.09722916666666667 0.0674375
3 0.42260416666666667 0.4336041666666667 0.07806249999999999 0.065125
5 0.04958333333333333 0.055 0.0966875 0.08154166666666667
1 0.7924791666666666 0.056854166666666664 0.10320833333333333 0.09552083333333333
11 0.5737291666666666 0.9355416666666667 0.09270833333333334 0.0699375
3 0.057374999999999995 0.16808333333333333 0.08179166666666667 0.06645833333333333
9 0.3142083333333333 0.7719791666666667 0.08122916666666667 0.06164583333333333
3 0.8032291666666667 0.18797916666666667 0.06439583333333333 0.060520833333333336
3 0.18114583333333334 0.171625 0.08179166666666667 0.06683333333333333
7 0.8198333333333333 0.9370208333333333 0.09741666666666667 0.08404166666666667
11 0.065125 0.9179791666666667 0.1045 0.07752083333333333
5 0.9213958333333333 0.682125 0.07945833333333334 0.06891666666666667
3 0.9394583333333333 0.32787499999999997 0.06572916666666667 0.06189583333333334
9 0.6875 0.7924791666666666 0.07135416666666666 0.065
4 0.8056666666666668 0.42943749999999997 0.09770833333333333 0.07764583333333334
10 0.7983333333333333 0.8037083333333332 0.096 0.07477083333333333