3 0.8042083333333333 0.18639583333333334 0.06658333333333334 0.06210416666666666
3 0.05864583333333333 0.16747916666666668 0.08283333333333333 0.06645833333333333
5 0.04889583333333333 0.05460416666666667 0.09777083333333333 0.080375
3 0.18408333333333332 0.16979166666666667 0.07989583333333333 0.06645833333333333
3 0.911625 0.17639583333333334 0.06658333333333334 0.06347916666666667
3 0.44556250000000003 0.16454166666666667 0.07708333333333334 0.06420833333333334
0 0.32006249999999997 0.044270833333333336 0.09368749999999999 0.07922916666666667
3 0.682625 0.17554166666666668 0.07397916666666667 0.06427083333333333
0 0.692375 0.0538125 0.08739583333333334 0.0833125
2 0.8242291666666667 0.059104166666666666 0.07793749999999999 0.08539583333333334
3 0.3154375 0.16845833333333332 0.0808125 0.06708333333333334
5 0.9306666666666668 0.06683333333333333 0.08539583333333334 0.0785
9 0.2983333333333333 0.7827083333333333 0.07452083333333334 0.06310416666666667
9 0.0675625 0.8042083333333333 0.08539583333333334 0.06658333333333334
8 0.1850625 0.9277291666666667 0.09331249999999999 0.07575
2 0.18554166666666666 0.044333333333333336 0.08929166666666667 0.08270833333333334
3 0.5376041666666667 0.4516666666666667 0.06841666666666667 0.0613125
9 0.18360416666666665 0.807625 0.08270833333333334 0.06816666666666667
10 0.39795833333333336 0.9345625 0.11260416666666666 0.075875
6 0.2934583333333334 0.9336041666666667 0.09570833333333333 0.06983333333333334
1 0.5449166666666667 0.047 0.10931249999999999 0.09008333333333333
9 0.42554166666666665 0.817875 0.07764583333333334 0.06041666666666667
4 0.4470208333333333 0.048666666666666664 0.10931249999999999 0.08802083333333334
9 0.6894583333333333 0.7905208333333333 0.06866666666666667 0.06335416666666667
9 0.807625 0.7880833333333332 0.0701875 0.06152083333333334
9 0.9277291666666667 0.7973541666666667 0.06610416666666667 0.059416666666666666
9 0.5561458333333333 0.5561458333333333 0.07160416666666666 0.0628125
6 0.67675 0.9189375 0.08197916666666667 0.06658333333333334
11 0.9179791666666667 0.9223541666666667 0.07654166666666667 0.06829166666666667
7 0.5644583333333333 0.9311458333333333 0.10741666666666667 0.0755625
11 0.06427083333333333 0.9165 0.09845833333333333 0.07122916666666666