6 0.307125 0.9365208333333332 0.08587499999999999 0.08197916666666667
0 0.6938541666666667 0.043458333333333335 0.08416666666666667 0.07122916666666666
7 0.5561458333333333 0.9414166666666667 0.10522916666666667 0.09770833333333333
3 0.8339791666666667 0.16710416666666666 0.06829166666666667 0.06293750000000001
9 0.05410416666666666 0.8066458333333333 0.0833125 0.064875
5 0.9565416666666666 0.04595833333333333 0.0755625 0.07170833333333333
10 0.41431250000000003 0.9433541666666667 0.11127083333333333 0.09320833333333334
3 0.557625 0.17675000000000002 0.0754375 0.06347916666666667
3 0.6879791666666667 0.17895833333333336 0.07170833333333333 0.06322916666666667
3 0.3142083333333333 0.55225 0.07575 0.06097916666666667
9 0.43016666666666664 0.5639583333333333 0.07597916666666667 0.06304166666666668
6 0.692875 0.92725 0.0805 0.0755625
1 0.546875 0.04458333333333333 0.0989375 0.07654166666666667
11 0.9487291666666666 0.9355416666666667 0.07739583333333333 0.0755625
3 0.317625 0.18029166666666668 0.080625 0.06439583333333333
8 0.8007916666666667 0.9345625 0.0888125 0.07764583333333334
9 0.57275 0.5625 0.07079166666666666 0.06256250000000001
9 0.6855416666666667 0.7983333333333333 0.06964583333333334 0.06452083333333333
9 0.9438541666666667 0.8100625 0.06420833333333334 0.0611875
8 0.31372916666666667 0.6884791666666668 0.0989375 0.0706875
9 0.8095625 0.807125 0.06572916666666667 0.059416666666666666
4 0.44164583333333335 0.04525 0.11047916666666667 0.07977083333333333
2 0.7026458333333333 0.29320833333333335 0.08122916666666667 0.0731875
9 0.18847916666666667 0.807125 0.0810625 0.06708333333333334
11 0.04877083333333333 0.9433541666666667 0.09435416666666667 0.07945833333333334
3 0.94775 0.166625 0.06597916666666667 0.06372916666666667
0 0.29491666666666666 0.05529166666666666 0.09008333333333333 0.07341666666666667
3 0.07079166666666666 0.18566666666666667 0.08600000000000001 0.0655
3 0.17614583333333333 0.18114583333333334 0.080375 0.06408333333333334