7 0.21008333333333334 0.9360416666666667 0.07764583333333334 0.07683333333333334
3 0.5629791666666667 0.3032291666666667 0.06427083333333333 0.06452083333333333
3 0.6870208333333333 0.42725 0.06452083333333333 0.06197916666666667
6 0.3254375 0.5756875 0.0699375 0.06964583333333334
8 0.817875 0.4560625 0.07935416666666667 0.07366666666666667
1 0.8291041666666668 0.18702083333333333 0.08527083333333334 0.09722916666666667
9 0.19458333333333336 0.7041041666666668 0.058145833333333334 0.057374999999999995
3 0.20166666666666666 0.5620208333333333 0.06720833333333333 0.06683333333333333
0 0.44654166666666667 0.16979166666666667 0.06927083333333334 0.08179166666666667
9 0.45287499999999997 0.5703125 0.058895833333333335 0.06597916666666667
9 0.7089791666666667 0.567375 0.06420833333333334 0.06427083333333333
3 0.8222708333333333 0.5922916666666667 0.058229166666666665 0.057187499999999995
2 0.6728541666666668 0.3242291666666667 0.07708333333333334 0.07683333333333334
10 0.9238333333333333 0.9404375 0.08910416666666668 0.07977083333333333
3 0.06854166666666667 0.6992291666666667 0.06695833333333333 0.06622916666666666
9 0.8037083333333332 0.7045833333333333 0.06383333333333334 0.0575
4 0.4418958333333334 0.8271458333333332 0.07989583333333333 0.08227083333333333