7 0.8295416666666667 0.963875 0.10295833333333333 0.0700625
3 0.9350625 0.32787499999999997 0.06866666666666667 0.064875
0 0.2941875 0.45214583333333336 0.09741666666666667 0.06816666666666667
3 0.30835416666666665 0.1848125 0.07610416666666667 0.06708333333333334
3 0.18225 0.17908333333333332 0.07654166666666667 0.05697916666666667
10 0.682625 0.6699166666666667 0.10302083333333334 0.0881875
9 0.9514166666666667 0.8076458333333334 0.07783333333333334 0.06797916666666667
2 0.6870208333333333 0.31933333333333336 0.08375 0.07239583333333334
9 0.8056666666666668 0.8212916666666668 0.06408333333333334 0.06335416666666667
11 0.051854166666666666 0.9511666666666667 0.09722916666666667 0.09235416666666667
3 0.8090833333333334 0.16870833333333335 0.0704375 0.06464583333333333
11 0.5771458333333332 0.9511666666666667 0.09466666666666666 0.083
1 0.28881249999999997 0.04654166666666667 0.12066666666666667 0.07879166666666666
4 0.5712916666666668 0.32397916666666665 0.10466666666666667 0.07452083333333334
9 0.31202083333333336 0.8149375 0.07793749999999999 0.07208333333333333
8 0.3100625 0.6733333333333333 0.10504166666666667 0.08495833333333333
9 0.6918958333333334 0.8139583333333333 0.07654166666666667 0.07964583333333333
9 0.07860416666666666 0.8271458333333332 0.08283333333333333 0.07227083333333333
6 0.5625 0.7065416666666666 0.08947916666666668 0.07989583333333333
3 0.06452083333333333 0.17883333333333334 0.07654166666666667 0.06645833333333333
9 0.5454166666666667 0.5693333333333332 0.07502083333333333 0.06304166666666668
5 0.411875 0.5898541666666667 0.093875 0.07227083333333333
9 0.1745625 0.8165208333333334 0.08093750000000001 0.0711875
8 0.5610416666666667 0.4348125 0.10070833333333334 0.072625