9 0.177375 0.8042083333333333 0.10266666666666667 0.06408333333333334
9 0.9248125 0.8027291666666667 0.08691666666666667 0.06902083333333334
8 0.4030833333333333 0.8105416666666667 0.1379375 0.0730625
11 0.0613125 0.9399375 0.11633333333333334 0.07610416666666667
9 0.43016666666666664 0.5644583333333333 0.0935 0.06585416666666667
9 0.55175 0.7016666666666667 0.0915625 0.06475
9 0.052125 0.8125 0.09808333333333333 0.06322916666666667
6 0.6533125 0.9345625 0.1198125 0.0704375
10 0.39795833333333336 0.9289166666666666 0.14954166666666666 0.07979166666666666
9 0.7958958333333332 0.8051666666666667 0.08710416666666668 0.0603125
3 0.41283333333333333 0.43702083333333336 0.09185416666666667 0.058770833333333335
8 0.6665 0.6899375 0.11554166666666667 0.0725
9 0.6782291666666667 0.7988333333333333 0.09552083333333333 0.06464583333333333
2 0.6635833333333333 0.3025 0.12512500000000001 0.07531249999999999
0 0.42162499999999997 0.3100625 0.12525 0.07464583333333333
11 0.9282291666666667 0.92675 0.10247916666666666 0.0701875
5 0.9189375 0.050499999999999996 0.11279166666666667 0.0915625
3 0.6713958333333333 0.17260416666666664 0.09252083333333333 0.06597916666666667
7 0.5262083333333334 0.9349791666666667 0.14947916666666666 0.079625
3 0.5278333333333334 0.3012708333333334 0.09552083333333333 0.06670833333333334
3 0.2890625 0.2929791666666667 0.09966666666666667 0.06464583333333333
0 0.307625 0.042229166666666665 0.13733333333333334 0.08283333333333333
6 0.6430625 0.5698333333333333 0.12066666666666667 0.07341666666666667
9 0.2915 0.8120208333333333 0.10302083333333334 0.05664583333333333
3 0.9248125 0.17760416666666667 0.08739583333333334 0.06572916666666667
4 0.4107708333333333 0.0465625 0.15202083333333333 0.09314583333333333
3 0.807125 0.17639583333333334 0.09466666666666666 0.06927083333333334
2 0.17752083333333332 0.0439375 0.14204166666666668 0.08733333333333333
3 0.064875 0.16747916666666668 0.1039375 0.0705625
1 0.5321041666666667 0.04577083333333333 0.15581250000000002 0.09058333333333332
5 0.06595833333333333 0.04466666666666667 0.10691666666666667 0.08933333333333333
3 0.16070833333333334 0.17997916666666666 0.10670833333333334 0.0705625