10 0.4396875 0.9345625 0.07935416666666667 0.07531249999999999
3 0.18272916666666666 0.18152083333333333 0.06622916666666666 0.06708333333333334
0 0.4509375 0.30835416666666665 0.072875 0.07610416666666667
8 0.8139583333333333 0.94775 0.07464583333333333 0.07366666666666667
9 0.07806249999999999 0.82325 0.06335416666666667 0.06189583333333334
3 0.06427083333333333 0.18347916666666667 0.06939583333333334 0.07079166666666666
7 0.5654375 0.9375 0.0805 0.07752083333333333
6 0.6948333333333333 0.9389583333333333 0.07477083333333333 0.07183333333333333
9 0.8037083333333332 0.8149375 0.06020833333333333 0.058562499999999997
3 0.8266666666666667 0.18079166666666666 0.06372916666666667 0.06464583333333333
5 0.06658333333333334 0.06110416666666666 0.07239583333333334 0.08508333333333334
9 0.44727083333333334 0.5712916666666668 0.06408333333333334 0.06293750000000001
3 0.5644583333333333 0.3012708333333334 0.06635416666666667 0.06597916666666667
3 0.442625 0.44579166666666664 0.0680625 0.06816666666666667
3 0.692875 0.17639583333333334 0.06683333333333333 0.06597916666666667
3 0.3237291666666666 0.18433333333333335 0.0678125 0.0674375
11 0.0751875 0.9345625 0.07331249999999999 0.0699375
2 0.182125 0.051270833333333335 0.078375 0.0966875
9 0.9301666666666667 0.8256875 0.0680625 0.06560416666666666
8 0.4357916666666667 0.817375 0.0731875 0.07227083333333333
9 0.5737291666666666 0.6879791666666667 0.06383333333333334 0.06152083333333334
9 0.692875 0.8149375 0.06372916666666667 0.059333333333333335
6 0.7089791666666667 0.57275 0.07410416666666667 0.07195833333333333
9 0.1900625 0.8183541666666667 0.06645833333333333 0.06310416666666667
0 0.3151875 0.0519375 0.07477083333333333 0.0856875
9 0.3225 0.8183541666666667 0.058562499999999997 0.057187499999999995
2 0.7075208333333334 0.2873541666666667 0.07793749999999999 0.08789583333333333
11 0.9277291666666667 0.9516666666666667 0.080375 0.07464583333333333
4 0.43066666666666664 0.049625 0.09185416666666667 0.09925
5 0.9479166666666666 0.03889583333333334 0.0819375 0.058333333333333334