6 0.6566041666666667 0.9340833333333334 0.12172916666666667 0.0706875
8 0.796875 0.9252916666666666 0.13 0.07597916666666667
9 0.5400416666666668 0.792 0.09485416666666667 0.0655
11 0.059416666666666666 0.9384791666666668 0.10991666666666666 0.0751875
7 0.5289166666666667 0.9296875 0.1546875 0.08283333333333333
9 0.050499999999999996 0.8095625 0.10052083333333334 0.06360416666666667
9 0.7949166666666667 0.8032291666666667 0.08539583333333334 0.059666666666666666
11 0.9257916666666667 0.9238333333333333 0.1045 0.0705625
9 0.6801666666666667 0.7954166666666667 0.09172916666666667 0.0679375
8 0.16125 0.9310208333333333 0.1429375 0.07758333333333334
9 0.9238333333333333 0.8007916666666667 0.08897916666666666 0.06891666666666667
3 0.29320833333333335 0.17077083333333334 0.10358333333333333 0.0701875
3 0.16393749999999999 0.17845833333333333 0.090875 0.0678125
3 0.5551666666666667 0.17235416666666667 0.09741666666666667 0.06964583333333334
9 0.42870833333333336 0.5600625 0.09656250000000001 0.0674375
3 0.06816666666666667 0.16602083333333334 0.10877083333333333 0.06983333333333334
2 0.174375 0.04525 0.13658333333333333 0.083625
5 0.057583333333333334 0.04410416666666667 0.115 0.08587499999999999
2 0.6630833333333332 0.3007916666666667 0.12360416666666667 0.07752083333333333
3 0.421875 0.17333333333333334 0.09125 0.0655
0 0.3025 0.041479166666666664 0.13574999999999998 0.08297916666666666
3 0.6704166666666667 0.17333333333333334 0.0915625 0.065
4 0.408125 0.04535416666666667 0.15102083333333333 0.09070833333333334