5 0.0488125 0.05572916666666667 0.097625 0.08135416666666666
3 0.18152083333333333 0.17200000000000001 0.08208333333333333 0.06683333333333333
4 0.442625 0.049875 0.11260416666666666 0.0935
3 0.42285416666666664 0.4340833333333334 0.07860416666666666 0.06427083333333333
3 0.31275000000000003 0.17077083333333334 0.07977083333333333 0.06720833333333333
3 0.5356458333333334 0.45385416666666667 0.0679375 0.06197916666666667
3 0.8032291666666667 0.18872916666666667 0.0655 0.06041666666666667
2 0.286875 0.31152083333333336 0.090875 0.0725
1 0.7924791666666666 0.059104166666666666 0.09966666666666667 0.09485416666666667
3 0.057291666666666664 0.17041666666666666 0.0834375 0.064875
5 0.9208958333333332 0.6831041666666666 0.07891666666666668 0.0679375
3 0.9394583333333333 0.32885416666666667 0.064875 0.06164583333333333
9 0.4313958333333333 0.7128958333333333 0.07160416666666666 0.05529166666666666
11 0.06525 0.9174791666666666 0.1019375 0.07879166666666666
9 0.31445833333333334 0.7724583333333332 0.07989583333333333 0.06177083333333333
6 0.16614583333333333 0.7876041666666667 0.09447916666666667 0.06952083333333332
9 0.2939375 0.7085 0.0785 0.06420833333333334
9 0.6860416666666667 0.7939375 0.06964583333333334 0.06427083333333333
9 0.06427083333333333 0.7089791666666667 0.08270833333333334 0.06597916666666667
7 0.8188541666666667 0.9355416666666667 0.09808333333333333 0.08197916666666667
10 0.5405208333333333 0.8291041666666668 0.1039375 0.0706875