3 0.8198333333333333 0.43091666666666667 0.06829166666666667 0.06293750000000001
3 0.7060625 0.27710416666666665 0.07275000000000001 0.06475
0 0.21302083333333333 0.31127083333333333 0.09172916666666667 0.0706875
0 0.33960416666666665 0.30591666666666667 0.0888125 0.0704375
9 0.807125 0.8066458333333333 0.06585416666666667 0.059541666666666666
9 0.6816458333333333 0.7998125 0.07275000000000001 0.065125
11 0.5532291666666667 0.8159166666666666 0.083625 0.07275000000000001
3 0.17260416666666664 0.18164583333333334 0.07922916666666667 0.06304166666666668
3 0.05175 0.4123541666666667 0.0805 0.0623125
0 0.30591666666666667 0.16991666666666666 0.08008333333333333 0.06322916666666667
8 0.6914166666666667 0.682625 0.09125 0.07433333333333333
7 0.8212916666666668 0.9082083333333333 0.09514583333333333 0.08770833333333333
1 0.2858958333333333 0.05633333333333333 0.11066666666666666 0.07879166666666666
9 0.051000000000000004 0.8056666666666668 0.08093750000000001 0.0626875
9 0.578125 0.3107916666666667 0.072875 0.0613125
9 0.317375 0.5566458333333333 0.07654166666666667 0.06335416666666667
5 0.5707916666666667 0.042020833333333334 0.08600000000000001 0.07079166666666666
3 0.9453125 0.166375 0.06572916666666667 0.06347916666666667
9 0.9438541666666667 0.6630833333333332 0.06585416666666667 0.0613125
6 0.588875 0.17089583333333333 0.07904166666666666 0.06879166666666667