3 0.06408333333333334 0.1851875 0.06635416666666667 0.06983333333333334
3 0.19420833333333334 0.3061458333333333 0.06560416666666666 0.06635416666666667
4 0.44579166666666664 0.3149375 0.0778125 0.08910416666666668
6 0.5483333333333333 0.8168958333333334 0.07104166666666667 0.06983333333333334
0 0.19897916666666668 0.17102083333333334 0.07135416666666666 0.08122916666666667
3 0.3237291666666666 0.18554166666666666 0.0675625 0.06829166666666667
3 0.4406666666666667 0.44775 0.06304166666666668 0.06293750000000001
3 0.6870208333333333 0.42772916666666666 0.06572916666666667 0.0628125
3 0.5629791666666667 0.3029791666666667 0.06597916666666667 0.064875
9 0.07641666666666666 0.8251875 0.058229166666666665 0.058229166666666665
9 0.19312500000000002 0.8203125 0.05864583333333333 0.059875
8 0.8164166666666667 0.4545833333333333 0.07170833333333333 0.07331249999999999
9 0.4487291666666666 0.5737291666666666 0.06525 0.06293750000000001
9 0.5693333333333332 0.6899375 0.06408333333333334 0.0613125
9 0.32885416666666667 0.7109375 0.058895833333333335 0.058770833333333335
10 0.3237291666666666 0.8168958333333334 0.07683333333333334 0.07410416666666667
9 0.8037083333333332 0.8168958333333334 0.06020833333333333 0.059333333333333335
5 0.065 0.06256250000000001 0.07275000000000001 0.08660416666666666
1 0.8203125 0.18433333333333335 0.083 0.09685416666666667
11 0.9497083333333334 0.9555625 0.07806249999999999 0.07160416666666666
2 0.7006875 0.30420833333333336 0.07489583333333334 0.08587499999999999
3 0.8217708333333333 0.5927708333333332 0.059208333333333335 0.0575
7 0.32739583333333333 0.9252916666666666 0.080625 0.08093750000000001
9 0.708 0.5688541666666667 0.06293750000000001 0.0624375