3 0.9379791666666667 0.3373958333333333 0.06622916666666666 0.06256250000000001
5 0.42260416666666667 0.19677083333333334 0.09125 0.07531249999999999
3 0.2795416666666667 0.4191875 0.07860416666666666 0.06658333333333334
5 0.6723541666666667 0.6899375 0.08691666666666667 0.07183333333333333
3 0.8032291666666667 0.19897916666666668 0.06695833333333333 0.0611875
3 0.182125 0.1796875 0.08227083333333333 0.06597916666666667
3 0.058229166666666665 0.17652083333333335 0.08477083333333332 0.06720833333333333
9 0.3025 0.5546875 0.07825 0.06475
9 0.065 0.7167916666666667 0.0833125 0.06610416666666667
6 0.546875 0.9414166666666667 0.08727083333333334 0.07879166666666666
1 0.792 0.06731250000000001 0.10247916666666666 0.09447916666666667
11 0.807125 0.9443333333333332 0.08727083333333334 0.07477083333333333
7 0.16479166666666664 0.7001875 0.11066666666666666 0.07410416666666667