6 0.3254375 0.5756875 0.07079166666666666 0.06952083333333332
7 0.07964583333333333 0.8295833333333333 0.07793749999999999 0.075875
3 0.6875 0.42675 0.065 0.06197916666666667
8 0.8144583333333333 0.45435416666666667 0.078375 0.07433333333333333
3 0.5639583333333333 0.3029791666666667 0.06525 0.064875
9 0.45360416666666664 0.5737291666666666 0.06197916666666667 0.0624375
9 0.7085 0.5698333333333333 0.0624375 0.059000000000000004
10 0.05645833333333334 0.942375 0.07964583333333333 0.0778125
1 0.8300833333333333 0.1849375 0.08477083333333332 0.09808333333333333
0 0.4467708333333333 0.1693125 0.06854166666666667 0.08122916666666667
3 0.8222708333333333 0.5917916666666667 0.058562499999999997 0.057583333333333334
9 0.19470833333333332 0.703125 0.06189583333333334 0.0603125
4 0.5605416666666667 0.7050833333333333 0.080375 0.07879166666666666
3 0.20116666666666666 0.5625 0.06829166666666667 0.0674375
3 0.06335416666666667 0.5698333333333333 0.06572916666666667 0.06525
9 0.8027291666666667 0.7055625 0.06222916666666667 0.05654166666666667
2 0.6738333333333333 0.32397916666666665 0.0810625 0.07935416666666667