3 0.8349583333333332 0.16710416666666666 0.06866666666666667 0.06210416666666666
3 0.07091666666666667 0.18604166666666666 0.08179166666666667 0.0624375
3 0.17750000000000002 0.182125 0.08020833333333334 0.06372916666666667
3 0.6875 0.17845833333333333 0.07195833333333333 0.06304166666666668
2 0.3151875 0.30664583333333334 0.08435416666666667 0.0676875
3 0.318125 0.18102083333333333 0.07977083333333333 0.06439583333333333
5 0.07764583333333334 0.0545 0.09485416666666667 0.07227083333333333
0 0.6943333333333332 0.043270833333333335 0.08283333333333333 0.0701875
2 0.7036041666666667 0.2939375 0.0810625 0.07170833333333333
0 0.29639583333333336 0.05489583333333334 0.09368749999999999 0.07227083333333333
6 0.317625 0.55225 0.09027083333333333 0.0700625
9 0.0559375 0.8056666666666668 0.08135416666666666 0.06335416666666667
3 0.94775 0.16602083333333334 0.065 0.0613125
3 0.5786041666666667 0.432375 0.07531249999999999 0.06383333333333334
11 0.9492291666666667 0.9355416666666667 0.07708333333333334 0.07341666666666667
9 0.18933333333333333 0.807125 0.078375 0.06610416666666667
9 0.8110416666666667 0.807125 0.065375 0.059104166666666666
9 0.43091666666666667 0.5625 0.07720833333333334 0.06310416666666667
1 0.5463958333333333 0.04535416666666667 0.10033333333333333 0.07502083333333333
4 0.4421458333333333 0.04477083333333333 0.10858333333333332 0.07695833333333332
9 0.5742291666666667 0.5625 0.0703125 0.0614375
6 0.306875 0.9394583333333333 0.0863125 0.07489583333333334
9 0.9433541666666667 0.8105416666666667 0.06670833333333334 0.06177083333333333
8 0.3154375 0.6909166666666666 0.10052083333333334 0.0731875
9 0.6840833333333334 0.7988333333333333 0.0700625 0.06452083333333333
8 0.7993125 0.9331041666666666 0.09204166666666666 0.07433333333333333
11 0.050333333333333334 0.9443333333333332 0.093875 0.07904166666666666
7 0.557125 0.9409166666666666 0.10541666666666667 0.09618750000000001
5 0.9589791666666667 0.04639583333333333 0.0751875 0.07147916666666668
10 0.41479166666666667 0.9433541666666667 0.11066666666666666 0.09270833333333334