9 0.17481249999999998 0.5795833333333333 0.10229166666666667 0.06658333333333334
7 0.6323333333333333 0.6782291666666667 0.14660416666666667 0.07935416666666667
9 0.41675 0.5698333333333333 0.09514583333333333 0.06572916666666667
9 0.5493125 0.4389583333333333 0.0989375 0.06610416666666667
9 0.8105416666666667 0.5405208333333333 0.08691666666666667 0.060770833333333336
6 0.0485 0.5688541666666667 0.09485416666666667 0.06914583333333332
5 0.058041666666666665 0.04554166666666667 0.11608333333333333 0.08758333333333333
3 0.6630833333333332 0.17579166666666665 0.09075000000000001 0.06635416666666667
3 0.9257916666666667 0.17810416666666665 0.08947916666666668 0.06731250000000001
5 0.29491666666666666 0.042 0.1274375 0.08402083333333334
9 0.9238333333333333 0.8046875 0.0833125 0.0675625
1 0.7817291666666667 0.05677083333333333 0.146125 0.11010416666666667
10 0.9082083333333333 0.3081041666666666 0.12683333333333333 0.09435416666666667
0 0.05410416666666666 0.29662499999999997 0.1066875 0.07695833333333332
9 0.671875 0.31152083333333336 0.122125 0.08710416666666668
3 0.0546875 0.4399375 0.1019375 0.06525
3 0.5429791666666667 0.3139583333333333 0.094 0.06610416666666667
9 0.05072916666666667 0.8086041666666667 0.096375 0.06085416666666667
3 0.8046875 0.2998125 0.08679166666666666 0.06670833333333334
4 0.15625 0.8131875 0.1569375 0.0875