8 0.6840833333333334 0.6889583333333333 0.07945833333333334 0.07385416666666668
0 0.317625 0.04458333333333333 0.09504166666666666 0.07964583333333333
9 0.8056666666666668 0.7880833333333332 0.07239583333333334 0.06452083333333333
1 0.6738333333333333 0.19312500000000002 0.1065 0.08600000000000001
3 0.1813958333333333 0.17077083333333334 0.08283333333333333 0.0680625
3 0.05664583333333333 0.16808333333333333 0.08404166666666667 0.06927083333333334
3 0.536125 0.45264583333333336 0.06841666666666667 0.0626875
11 0.06408333333333334 0.9150416666666668 0.10320833333333333 0.0731875
9 0.18335416666666668 0.8125 0.0834375 0.05864583333333333
5 0.04854166666666667 0.055 0.09708333333333334 0.080625
5 0.9311458333333333 0.0676875 0.08385416666666666 0.08008333333333333
9 0.06475 0.8046875 0.080625 0.06610416666666667
3 0.31275000000000003 0.16991666666666666 0.0805 0.06670833333333334
3 0.80225 0.18860416666666666 0.06597916666666667 0.06110416666666666
2 0.2851666666666667 0.30883333333333335 0.09570833333333333 0.072625
6 0.2929791666666667 0.9336041666666667 0.0993125 0.06816666666666667
10 0.3969791666666667 0.9345625 0.11181250000000001 0.07597916666666667
11 0.6845625 0.9433541666666667 0.08758333333333333 0.0700625
9 0.6875 0.7915 0.06983333333333334 0.06383333333333334
3 0.42285416666666664 0.432125 0.07793749999999999 0.06475
8 0.31127083333333333 0.6704166666666667 0.09704166666666666 0.06597916666666667
3 0.9389583333333333 0.32714583333333336 0.064875 0.06085416666666667
9 0.43016666666666664 0.7119166666666668 0.07366666666666667 0.057291666666666664
9 0.9262708333333334 0.7988333333333333 0.06658333333333334 0.06064583333333333
9 0.29810416666666667 0.7832083333333333 0.07683333333333334 0.06152083333333334
4 0.443125 0.04839583333333333 0.111625 0.090875
7 0.817875 0.9375 0.1014375 0.08122916666666667
0 0.18079166666666666 0.5644583333333333 0.09722916666666667 0.0703125