9 0.5256875 0.4138958333333333 0.10693749999999999 0.0694375
8 0.6572291666666668 0.6997083333333334 0.11535416666666666 0.07195833333333333
6 0.28077083333333336 0.578125 0.13122916666666667 0.07135416666666666
9 0.7988333333333333 0.8061458333333333 0.08979166666666667 0.06439583333333333
9 0.9316458333333333 0.8168958333333334 0.08960416666666667 0.06110416666666666
3 0.17725 0.19312500000000002 0.09789583333333333 0.06708333333333334
9 0.6831041666666666 0.8188541666666667 0.09722916666666667 0.06408333333333334
6 0.4054375 0.8149375 0.12793749999999998 0.07227083333333333
3 0.057291666666666664 0.18835416666666666 0.10485416666666666 0.06952083333333332
3 0.7973541666666667 0.31372916666666667 0.08404166666666667 0.06041666666666667
10 0.13941666666666666 0.682625 0.15345833333333334 0.07720833333333334
2 0.39037499999999997 0.4389583333333333 0.1305 0.07610416666666667
11 0.5595 0.9462916666666668 0.12793749999999998 0.07410416666666667
2 0.27758333333333335 0.3081041666666666 0.13122916666666667 0.078375
9 0.04595833333333333 0.8012708333333334 0.0886875 0.06177083333333333
0 0.7876041666666667 0.1848125 0.11047916666666667 0.0805
3 0.5620208333333333 0.1794375 0.09656250000000001 0.0674375
9 0.1565 0.8168958333333334 0.10070833333333334 0.06525
4 0.4008541666666667 0.04672916666666667 0.15006250000000002 0.09347916666666665
5 0.6684583333333334 0.049958333333333334 0.1171875 0.0910625
7 0.8121458333333333 0.9409166666666666 0.1438958333333333 0.0785
3 0.9296875 0.19043749999999998 0.0885 0.06902083333333334
3 0.6879791666666667 0.18152083333333333 0.09058333333333332 0.0701875
8 0.18810416666666668 0.9723124999999999 0.13708333333333333 0.05535416666666667
11 0.06429166666666666 0.9614166666666667 0.12860416666666666 0.0701875
5 0.065375 0.0495 0.12879166666666667 0.0885
1 0.7885833333333333 0.057708333333333334 0.14660416666666667 0.10722916666666667
0 0.5385833333333333 0.30443749999999997 0.1198125 0.08093750000000001