9 0.33960416666666665 0.8403333333333334 0.1095 0.05645833333333334
7 0.852375 0.9516666666666667 0.19564583333333332 0.0834375
6 0.474125 0.7045833333333333 0.15027083333333333 0.06731250000000001
6 0.33675 0.9384791666666668 0.15458333333333335 0.07616666666666667
3 0.23304166666666667 0.45897916666666666 0.11316666666666667 0.06347916666666667
3 0.9573125 0.18791666666666668 0.08537499999999999 0.07789583333333333
9 0.94825 0.6782291666666667 0.09856250000000001 0.06256250000000001
9 0.7988333333333333 0.8217708333333333 0.11066666666666666 0.057583333333333334
9 0.19275 0.8164166666666667 0.111625 0.06189583333333334
3 0.7407291666666667 0.31616666666666665 0.12275 0.06110416666666666
11 0.08239583333333332 0.9277291666666667 0.13427083333333334 0.064875
1 0.8779375 0.059104166666666666 0.20372916666666668 0.09570833333333333
9 0.7021458333333332 0.8110416666666667 0.11504166666666667 0.06464583333333333
3 0.1014375 0.32275 0.112 0.06439583333333333
6 0.09283333333333334 0.567875 0.10877083333333333 0.057916666666666665
5 0.06464583333333333 0.06335416666666667 0.12718749999999998 0.08385416666666666
3 0.7480416666666667 0.18712499999999999 0.12891666666666668 0.06372916666666667
0 0.4882916666666667 0.3146875 0.15125 0.07079166666666666
9 0.33520833333333333 0.317375 0.11516666666666667 0.06322916666666667
4 0.36816666666666664 0.17435416666666667 0.18968749999999998 0.0965
3 0.8574166666666667 0.20145833333333335 0.12891666666666668 0.06372916666666667
10 0.23322916666666668 0.6967708333333333 0.1694375 0.07275000000000001
11 0.6917291666666666 0.957125 0.15677083333333333 0.07010416666666666
2 0.506125 0.19264583333333332 0.15389583333333334 0.09037500000000001