3 0.8032291666666667 0.19835416666666666 0.06597916666666667 0.05975
3 0.057187499999999995 0.177125 0.07720833333333334 0.06610416666666667
3 0.2797916666666667 0.4194375 0.07945833333333334 0.06610416666666667
3 0.9384791666666668 0.338625 0.06866666666666667 0.06335416666666667
9 0.6850625 0.80175 0.0706875 0.06189583333333334
3 0.182 0.17920833333333333 0.0808125 0.06622916666666666
5 0.42285416666666664 0.1970208333333333 0.09185416666666667 0.07502083333333333
1 0.7934583333333334 0.06708333333333334 0.1014375 0.09466666666666666
11 0.8086041666666667 0.9443333333333332 0.08660416666666666 0.07341666666666667
9 0.06435416666666667 0.7163125 0.0863125 0.06731250000000001
5 0.5483333333333333 0.8139583333333333 0.09039583333333333 0.07104166666666667
6 0.28491666666666665 0.6987291666666666 0.09941666666666667 0.07331249999999999
7 0.3100625 0.7949166666666667 0.1043125 0.07239583333333334
9 0.30345833333333333 0.5537083333333332 0.080375 0.06452083333333333