8 0.6497708333333333 0.5649375 0.12483333333333334 0.07989583333333333
7 0.6450208333333334 0.9457916666666667 0.15197916666666667 0.07752083333333333
9 0.786125 0.6987291666666666 0.09039583333333333 0.065125
0 0.29933333333333334 0.682 0.13495833333333335 0.06941666666666667
9 0.9292083333333333 0.817875 0.08539583333333334 0.059666666666666666
9 0.6816458333333333 0.8222708333333333 0.09533333333333333 0.06695833333333333
5 0.29272916666666665 0.8139583333333333 0.12879166666666667 0.06939583333333334
1 0.7841875 0.0536875 0.15075 0.10739583333333333
3 0.06560416666666666 0.5649375 0.10266666666666667 0.06439583333333333
3 0.7973541666666667 0.3149375 0.08508333333333334 0.06322916666666667
3 0.9179791666666667 0.42993750000000003 0.0885 0.06464583333333333
11 0.41022916666666664 0.45189583333333333 0.1234375 0.07531249999999999