6 0.2944375 0.9165 0.09447916666666667 0.0778125
9 0.41358333333333336 0.44945833333333335 0.07331249999999999 0.0655
5 0.9287083333333332 0.06408333333333334 0.08283333333333333 0.0725
3 0.9213958333333333 0.17529166666666668 0.06816666666666667 0.0623125
9 0.8032291666666667 0.817875 0.060520833333333336 0.060770833333333336
9 0.31372916666666667 0.8105416666666667 0.08122916666666667 0.06322916666666667
10 0.45337500000000003 0.9511666666666667 0.1096875 0.09514583333333333
0 0.6792083333333333 0.04714583333333333 0.0881875 0.07147916666666668
3 0.807125 0.16564583333333335 0.0725 0.06408333333333334
9 0.07641666666666666 0.8237291666666666 0.08154166666666667 0.0701875
3 0.6855416666666667 0.18566666666666667 0.0706875 0.06020833333333333
11 0.051083333333333335 0.9526458333333333 0.09770833333333333 0.0785
6 0.182 0.45508333333333334 0.09533333333333333 0.07135416666666666
8 0.18079166666666666 0.9389583333333333 0.09418750000000001 0.0885
9 0.443125 0.8056666666666668 0.08020833333333334 0.07183333333333333
2 0.6860416666666667 0.3154375 0.08020833333333334 0.07104166666666667
0 0.42602083333333335 0.19372916666666665 0.0883125 0.07147916666666668
7 0.5488333333333333 0.9433541666666667 0.10485416666666666 0.09912499999999999
11 0.9467708333333333 0.9379791666666667 0.07629166666666666 0.07935416666666667
9 0.9565416666666666 0.8002916666666666 0.0705625 0.0725
4 0.5371041666666667 0.0611875 0.111625 0.07610416666666667
3 0.3063958333333333 0.1799375 0.08239583333333332 0.06708333333333334
1 0.4282291666666667 0.06020833333333333 0.11437499999999999 0.07531249999999999
3 0.18152083333333333 0.17760416666666667 0.07477083333333333 0.057291666666666664
9 0.6909166666666666 0.8149375 0.07629166666666666 0.07275000000000001
5 0.06064583333333333 0.0399375 0.060520833333333336 0.06983333333333334
9 0.17639583333333334 0.8159166666666666 0.07825 0.0751875
3 0.056854166666666664 0.20531249999999998 0.0699375 0.06939583333333334
3 0.5649375 0.43872916666666667 0.06560416666666666 0.059958333333333336
8 0.8012708333333334 0.4396875 0.08227083333333333 0.075875
2 0.045875 0.4313958333333333 0.07464583333333333 0.09485416666666667