3 0.06439583333333333 0.1857916666666667 0.0676875 0.06964583333333334
4 0.44604166666666667 0.3168958333333334 0.07825 0.08802083333333334
3 0.5629791666666667 0.30395833333333333 0.06427083333333333 0.06395833333333333
0 0.19958333333333333 0.171875 0.07147916666666668 0.08239583333333332
9 0.07654166666666667 0.8256875 0.0613125 0.06020833333333333
3 0.4414166666666667 0.44897916666666665 0.0628125 0.06304166666666668
3 0.6884791666666668 0.42943749999999997 0.065125 0.06360416666666667
3 0.19493749999999999 0.307375 0.065375 0.06670833333333334
9 0.4484791666666667 0.5747083333333334 0.06585416666666667 0.06177083333333333
5 0.9457916666666667 0.8378958333333333 0.07793749999999999 0.0730625
3 0.32445833333333335 0.18702083333333333 0.06683333333333333 0.0676875
9 0.19312500000000002 0.82325 0.06085416666666667 0.06064583333333333
9 0.328125 0.7114166666666667 0.059541666666666666 0.05975
10 0.3234791666666667 0.8183541666666667 0.07641666666666666 0.07385416666666668
6 0.5478541666666668 0.8183541666666667 0.07079166666666666 0.06927083333333334
3 0.8222708333333333 0.45875 0.06110416666666666 0.0603125
7 0.328125 0.9277291666666667 0.08093750000000001 0.07964583333333333
5 0.06658333333333334 0.06395833333333333 0.072875 0.08647916666666666
11 0.9287083333333332 0.9560625 0.07825 0.0731875
2 0.4421458333333333 0.17566666666666667 0.07410416666666667 0.0910625
9 0.8037083333333332 0.8183541666666667 0.06304166666666668 0.0611875
8 0.4516666666666667 0.807625 0.07502083333333333 0.07079166666666666
9 0.5756875 0.6914166666666667 0.059333333333333335 0.060520833333333336
9 0.692875 0.8188541666666667 0.06439583333333333 0.0613125
1 0.8207916666666667 0.1857916666666667 0.08464583333333334 0.09754166666666667
11 0.45116666666666666 0.9360416666666667 0.0700625 0.06891666666666667