8 0.6490833333333333 0.5649375 0.12395833333333334 0.07879166666666666
9 0.9306666666666668 0.8168958333333334 0.0886875 0.0614375
9 0.7876041666666667 0.6962916666666668 0.09125 0.06731250000000001
7 0.6450208333333334 0.942375 0.14904166666666668 0.07683333333333334
9 0.6801666666666667 0.8203125 0.08960416666666667 0.06525
5 0.063625 0.8295833333333333 0.12725 0.06964583333333334
3 0.796875 0.31372916666666667 0.0855625 0.0624375
1 0.7695416666666667 0.055 0.151 0.11002083333333333
3 0.9184583333333334 0.42943749999999997 0.08947916666666668 0.065
0 0.3028958333333333 0.6816458333333333 0.1276875 0.06683333333333333
11 0.059000000000000004 0.18908333333333335 0.1169375 0.0834375
3 0.064875 0.5644583333333333 0.10358333333333333 0.06408333333333334