11 0.051270833333333335 0.9575208333333334 0.096 0.08208333333333333
9 0.8056666666666668 0.8207916666666667 0.06560416666666666 0.06347916666666667
9 0.07945833333333334 0.8261666666666667 0.08197916666666667 0.0699375
9 0.6938541666666667 0.8168958333333334 0.07764583333333334 0.072875
0 0.8086041666666667 0.17029166666666665 0.0705625 0.06658333333333334
9 0.5449166666666667 0.5698333333333333 0.0751875 0.06347916666666667
9 0.31152083333333336 0.8164166666666667 0.07793749999999999 0.06841666666666667
9 0.17579166666666665 0.817375 0.078375 0.07366666666666667
11 0.5742291666666667 0.9448333333333333 0.09466666666666666 0.09418750000000001
3 0.9350625 0.328125 0.06816666666666667 0.06395833333333333
3 0.18360416666666665 0.18066666666666667 0.07502083333333333 0.0575
8 0.3086041666666667 0.6713958333333333 0.1045 0.08539583333333334
4 0.5707916666666667 0.3234791666666667 0.10577083333333334 0.07410416666666667
0 0.2924791666666666 0.44945833333333335 0.09570833333333333 0.07170833333333333
8 0.8086041666666667 0.3259375 0.0888125 0.07170833333333333
2 0.6875 0.32006249999999997 0.083 0.07331249999999999
6 0.5581041666666666 0.7089791666666667 0.09204166666666666 0.07654166666666667
3 0.06177083333333333 0.19654166666666667 0.07793749999999999 0.06720833333333333
1 0.2780833333333333 0.0535 0.1169375 0.080625
2 0.5810625 0.4438541666666667 0.0910625 0.0674375
5 0.4101666666666667 0.5893541666666666 0.0886875 0.07160416666666666
10 0.6779583333333333 0.6717291666666667 0.11218750000000001 0.09564583333333333
3 0.3078541666666667 0.18433333333333335 0.078375 0.06939583333333334
9 0.9481458333333334 0.7979375 0.08520833333333333 0.08939583333333333
7 0.8321041666666668 0.9628958333333333 0.10279166666666667 0.07147916666666668