0 0.40877083333333336 0.5703125 0.126125 0.0706875
7 0.763 0.8110416666666667 0.14856250000000001 0.0808125
1 0.9028333333333334 0.17272916666666666 0.140625 0.10614583333333334
3 0.9257916666666667 0.41991666666666666 0.0856875 0.065
0 0.07977083333333333 0.9355416666666667 0.13477083333333334 0.07160416666666666
9 0.7871041666666667 0.6948333333333333 0.09302083333333333 0.06902083333333334
11 0.049416666666666664 0.5717708333333333 0.09570833333333333 0.0725
8 0.648875 0.5644583333333333 0.12760416666666666 0.0785
3 0.049791666666666665 0.6943333333333332 0.09958333333333333 0.06439583333333333
9 0.9301666666666667 0.8164166666666667 0.10089583333333334 0.0611875
9 0.676 0.8184375 0.09302083333333333 0.06902083333333334