3 0.3086041666666667 0.182 0.08179166666666667 0.0703125
9 0.9565416666666666 0.8061458333333333 0.07135416666666666 0.06939583333333334
6 0.29320833333333335 0.917 0.09283333333333334 0.07977083333333333
7 0.8335 0.9637708333333334 0.09789583333333333 0.07245833333333333
4 0.5625 0.31664583333333335 0.104125 0.07452083333333334
5 0.432375 0.0611875 0.10247916666666666 0.083
9 0.8046875 0.8207916666666667 0.06304166666666668 0.060520833333333336
3 0.18360416666666665 0.18079166666666666 0.07502083333333333 0.05625
3 0.059875 0.2055625 0.07122916666666666 0.06610416666666667
8 0.3093333333333333 0.6728541666666668 0.1045 0.08404166666666667
2 0.6860416666666667 0.31835416666666666 0.08312499999999999 0.07160416666666666
8 0.6801666666666667 0.16247916666666665 0.09075000000000001 0.06983333333333334
11 0.053000000000000005 0.9550833333333333 0.09722916666666667 0.0778125
1 0.2797916666666667 0.0570625 0.11658333333333333 0.07989583333333333
3 0.8086041666666667 0.1691875 0.07091666666666667 0.06383333333333334
11 0.57325 0.942375 0.09485416666666667 0.09320833333333334
3 0.9350625 0.32714583333333336 0.0679375 0.06210416666666666
9 0.07806249999999999 0.8286041666666667 0.0861875 0.0679375
3 0.5654375 0.4418958333333334 0.0703125 0.057708333333333334
2 0.04554166666666667 0.4487291666666666 0.07629166666666666 0.07610416666666667
0 0.6792083333333333 0.04804166666666666 0.0861875 0.07195833333333333
10 0.6811458333333333 0.6694375 0.1014375 0.08691666666666667
5 0.94775 0.057583333333333334 0.08447916666666666 0.072625
9 0.44433333333333336 0.8115208333333332 0.07922916666666667 0.07354166666666666
9 0.17652083333333335 0.8247083333333334 0.07641666666666666 0.059416666666666666
9 0.6933541666666667 0.8164166666666667 0.07275000000000001 0.0731875
9 0.3107916666666667 0.8144583333333333 0.078375 0.06635416666666667