9 0.53125 0.4166666666666667 0.11527083333333334 0.075
8 0.6539583333333333 0.6992083333333333 0.12191666666666667 0.07183333333333333
9 0.6796875 0.8193333333333332 0.09039583333333333 0.06525
6 0.2788125 0.5742291666666667 0.13404166666666667 0.07641666666666666
10 0.141375 0.6796875 0.15395833333333334 0.078375
9 0.7993125 0.8046875 0.09039583333333333 0.06383333333333334
9 0.04602083333333333 0.8007916666666667 0.08727083333333334 0.06335416666666667
9 0.15587499999999999 0.8164166666666667 0.10033333333333333 0.06439583333333333
3 0.1779791666666667 0.19189583333333332 0.09754166666666667 0.06866666666666667
9 0.9296875 0.8159166666666666 0.08527083333333334 0.060083333333333336
11 0.6582083333333333 0.9691458333333334 0.11779166666666667 0.06170833333333334
2 0.39014583333333336 0.43945833333333334 0.12879166666666667 0.07464583333333333
3 0.058020833333333334 0.18712499999999999 0.10375 0.0700625
2 0.27539583333333334 0.307125 0.13025 0.07793749999999999
3 0.5595625 0.17870833333333333 0.09808333333333333 0.06841666666666667
0 0.5384166666666667 0.30420833333333336 0.12579166666666666 0.0810625
11 0.0655 0.958 0.12683333333333333 0.07135416666666666
7 0.8124375 0.9389583333333333 0.14195833333333333 0.08404166666666667
4 0.4107083333333333 0.0475 0.14933333333333335 0.09460416666666666
0 0.6626041666666667 0.05625 0.11841666666666667 0.08947916666666668
5 0.917 0.043770833333333335 0.115 0.08752083333333333
3 0.6889583333333333 0.182125 0.09185416666666667 0.0705625
3 0.796875 0.31152083333333336 0.0855625 0.06335416666666667
1 0.5230208333333334 0.0545 0.15683333333333332 0.109
5 0.06670833333333334 0.0493125 0.12829166666666666 0.0888125
6 0.2859166666666667 0.9457916666666667 0.12727083333333333 0.0701875
3 0.9301666666666667 0.18847916666666667 0.08679166666666666 0.07079166666666666
8 0.18529166666666666 0.9723958333333333 0.13572916666666668 0.05520833333333333