5 0.0480625 0.05602083333333333 0.096125 0.08239583333333332
8 0.6845625 0.6889583333333333 0.08166666666666668 0.07331249999999999
1 0.7910208333333333 0.059208333333333335 0.10266666666666667 0.09589583333333333
3 0.42162499999999997 0.4336041666666667 0.07806249999999999 0.06427083333333333
3 0.31297916666666664 0.16991666666666666 0.080625 0.06670833333333334
3 0.05975 0.16979166666666667 0.08679166666666666 0.06708333333333334
3 0.18054166666666666 0.17200000000000001 0.0833125 0.06683333333333333
2 0.286125 0.3093333333333333 0.09172916666666667 0.07183333333333333
9 0.8051666666666667 0.7900416666666668 0.07122916666666666 0.06197916666666667
3 0.8032291666666667 0.18908333333333335 0.06597916666666667 0.06020833333333333
9 0.9228541666666668 0.7060625 0.06658333333333334 0.059000000000000004
3 0.536125 0.45435416666666667 0.06964583333333334 0.0626875
10 0.39818749999999997 0.9355416666666667 0.11516666666666667 0.0778125
6 0.16529166666666667 0.7876041666666667 0.09466666666666666 0.06891666666666667
9 0.2944375 0.7089791666666667 0.08020833333333334 0.065
9 0.6855416666666667 0.7924791666666666 0.07227083333333333 0.06197916666666667
0 0.9292083333333333 0.4509375 0.08008333333333333 0.07208333333333333
9 0.4282291666666667 0.713875 0.0705625 0.05654166666666667
11 0.06408333333333334 0.9174791666666666 0.10358333333333333 0.07793749999999999
3 0.9389583333333333 0.32910416666666664 0.06695833333333333 0.06293750000000001
9 0.31445833333333334 0.7724583333333332 0.08122916666666667 0.06152083333333334
9 0.06310416666666667 0.7089791666666667 0.08587499999999999 0.06720833333333333
7 0.8203125 0.9379791666666667 0.09770833333333333 0.08020833333333334
11 0.5737291666666666 0.9360416666666667 0.091375 0.06914583333333332
5 0.5639583333333333 0.04485416666666667 0.056854166666666664 0.07452083333333334