4 0.3627916666666666 0.17760416666666667 0.17920833333333333 0.08989583333333333
5 0.59375 0.06322916666666667 0.14147916666666666 0.08239583333333332
1 0.879875 0.059000000000000004 0.20397916666666666 0.09589583333333333
6 0.474125 0.7041041666666668 0.14977083333333333 0.0676875
3 0.2315625 0.45970833333333333 0.11633333333333334 0.06383333333333334
6 0.3325208333333334 0.9375 0.14954166666666666 0.07825
3 0.35204166666666664 0.31322916666666667 0.11029166666666666 0.0626875
10 0.23510416666666664 0.6972708333333333 0.16479166666666664 0.07502083333333333
0 0.48941666666666667 0.3169791666666667 0.15283333333333332 0.06902083333333334
3 0.7387708333333334 0.3151875 0.12085416666666667 0.0611875
2 0.2006875 0.050416666666666665 0.15331250000000002 0.08208333333333333
7 0.8513958333333334 0.9503541666666667 0.20345833333333332 0.08404166666666667
5 0.06170833333333334 0.06383333333333334 0.12341666666666667 0.0834375
11 0.083 0.9282291666666667 0.13158333333333333 0.0614375
9 0.80875 0.8250416666666667 0.12910416666666666 0.06937499999999999
9 0.9472708333333333 0.67725 0.09856250000000001 0.06189583333333334
3 0.9521458333333332 0.18872916666666667 0.08910416666666668 0.06427083333333333
3 0.07122916666666666 0.20470833333333335 0.11145833333333334 0.0699375
9 0.08008333333333333 0.8061458333333333 0.11102083333333333 0.0559375
3 0.745125 0.18775 0.12914583333333335 0.06360416666666667
9 0.45727083333333335 0.45189583333333333 0.11279166666666667 0.06383333333333334
9 0.3385416666666667 0.8422916666666667 0.11816666666666667 0.056749999999999995
3 0.8525416666666668 0.19897916666666668 0.1381875 0.06708333333333334
9 0.7071875 0.8105416666666667 0.12258333333333334 0.057791666666666665
9 0.19433333333333333 0.8164166666666667 0.11377083333333333 0.058770833333333335
11 0.6949791666666666 0.9556041666666667 0.15241666666666667 0.07314583333333333