4 0.41689583333333335 0.19043749999999998 0.1146875 0.07433333333333333
0 0.6796875 0.0496875 0.0883125 0.07385416666666668
5 0.9296875 0.06683333333333333 0.08197916666666667 0.07331249999999999
9 0.9570416666666667 0.8042083333333333 0.0699375 0.07183333333333333
1 0.5380833333333332 0.06293750000000001 0.10991666666666666 0.078375
9 0.41504166666666664 0.45214583333333336 0.072875 0.0626875
9 0.0778125 0.8237291666666666 0.08239583333333332 0.07366666666666667
3 0.18216666666666667 0.17956249999999999 0.07747916666666667 0.057791666666666665
3 0.8081041666666666 0.16785416666666667 0.0725 0.06475
11 0.050812500000000003 0.9585 0.0966875 0.07385416666666668
3 0.9223541666666667 0.17760416666666667 0.06891666666666667 0.0623125
10 0.4565416666666666 0.9526458333333333 0.11658333333333333 0.09435416666666667
3 0.5654375 0.44164583333333335 0.07079166666666666 0.059416666666666666
9 0.8046875 0.8198333333333333 0.06310416666666667 0.06177083333333333
3 0.6870208333333333 0.18725 0.0701875 0.058229166666666665
9 0.6918958333333334 0.8134791666666668 0.072625 0.07433333333333333
3 0.30835416666666665 0.18054166666666666 0.07764583333333334 0.0674375
7 0.8320416666666667 0.9632708333333333 0.09722916666666667 0.07345833333333333
11 0.6845 0.942875 0.0855625 0.0834375
9 0.31275000000000003 0.8139583333333333 0.08179166666666667 0.0703125
8 0.18420833333333334 0.9404375 0.09570833333333333 0.09008333333333333
9 0.44433333333333336 0.8090833333333334 0.08179166666666667 0.07104166666666667
8 0.7993125 0.44164583333333335 0.08527083333333334 0.07989583333333333
3 0.05835416666666667 0.20495833333333333 0.07331249999999999 0.06635416666666667
9 0.17345833333333335 0.8165208333333334 0.07922916666666667 0.07289583333333334
2 0.6870833333333334 0.3186041666666667 0.08254166666666667 0.07079166666666666
6 0.29320833333333335 0.9174791666666666 0.09418750000000001 0.08270833333333334
5 0.0611875 0.0399375 0.0624375 0.07122916666666666
2 0.04554166666666667 0.44816666666666666 0.07575 0.07914583333333333