6 0.6541666666666667 0.9335833333333333 0.11891666666666666 0.06891666666666667
7 0.5285 0.9315625 0.15479166666666666 0.08339583333333334
5 0.059666666666666666 0.043125 0.115625 0.08416666666666667
0 0.3032708333333333 0.041937499999999996 0.13920833333333332 0.0805
3 0.41210416666666666 0.4343333333333333 0.09222916666666667 0.059104166666666666
1 0.5329791666666667 0.04510416666666666 0.15860416666666666 0.08739583333333334
9 0.050604166666666665 0.8100625 0.09912499999999999 0.06347916666666667
3 0.1638125 0.17750000000000002 0.09514583333333333 0.06829166666666667
3 0.6699166666666667 0.16883333333333334 0.0915625 0.06720833333333333
4 0.4083333333333333 0.04641666666666667 0.15004166666666666 0.08925000000000001
9 0.9233333333333333 0.8002916666666666 0.08802083333333334 0.0700625
9 0.17614583333333333 0.8032291666666667 0.1045 0.06464583333333333
9 0.4282291666666667 0.5620208333333333 0.09789583333333333 0.06635416666666667
10 0.4041666666666667 0.9262708333333334 0.14745833333333333 0.07452083333333334
5 0.9165 0.048854166666666664 0.11297916666666666 0.08979166666666667
11 0.05683333333333333 0.9384791666666668 0.11364583333333332 0.07354166666666666
3 0.8061458333333333 0.1745625 0.09331249999999999 0.06964583333333334
3 0.526375 0.2990625 0.09570833333333333 0.0676875
9 0.67725 0.7973541666666667 0.09466666666666666 0.060770833333333336
3 0.28783333333333333 0.2907708333333333 0.09845833333333333 0.06427083333333333
2 0.1743125 0.044520833333333336 0.13685416666666667 0.08312499999999999
9 0.7963958333333333 0.8027291666666667 0.08727083333333334 0.057916666666666665
9 0.5498125 0.6972708333333333 0.0888125 0.0674375
0 0.42260416666666667 0.3086041666666667 0.13 0.0755625
8 0.3971458333333333 0.8085833333333333 0.15089583333333334 0.0731875
9 0.2894375 0.8090833333333334 0.09712499999999999 0.05697916666666667
3 0.06622916666666666 0.16539583333333333 0.10820833333333332 0.0704375
3 0.9243125 0.17639583333333334 0.08710416666666668 0.06731250000000001
11 0.9262708333333334 0.9243125 0.104125 0.06927083333333334
8 0.6660208333333333 0.6860416666666667 0.119375 0.07397916666666667
2 0.6652708333333333 0.3013958333333333 0.13333333333333333 0.08056250000000001
6 0.6576458333333334 0.5625 0.13472916666666668 0.07777083333333333