7 0.6435625 0.9414166666666667 0.15235416666666665 0.07879166666666666
9 0.6816458333333333 0.8193333333333332 0.09058333333333332 0.06572916666666667
1 0.786125 0.053125 0.14660416666666667 0.10622916666666667
3 0.06427083333333333 0.5649375 0.10541666666666667 0.064875
3 0.9179791666666667 0.42943749999999997 0.08739583333333334 0.06395833333333333
9 0.932125 0.817875 0.09185416666666667 0.059666666666666666
3 0.7978541666666668 0.3146875 0.08587499999999999 0.0628125
9 0.7871041666666667 0.6972708333333333 0.09172916666666667 0.06854166666666667
5 0.2937083333333333 0.8129791666666667 0.12695833333333334 0.06879166666666667
0 0.30504166666666666 0.682125 0.13441666666666666 0.06658333333333334
11 0.385 0.08758333333333333 0.12291666666666666 0.08947916666666668
8 0.6504583333333334 0.5654375 0.12258333333333334 0.07964583333333333