3 0.6879791666666667 0.4275 0.06560416666666666 0.0626875
3 0.442375 0.4470208333333333 0.06372916666666667 0.06304166666666668
3 0.5644583333333333 0.30272916666666666 0.065 0.064875
6 0.5498125 0.8168958333333334 0.07091666666666667 0.06983333333333334
9 0.0778125 0.8247083333333334 0.057791666666666665 0.058562499999999997
10 0.3242291666666667 0.8168958333333334 0.07683333333333334 0.07354166666666666
3 0.3247083333333334 0.1849375 0.06645833333333333 0.0674375
4 0.44727083333333334 0.3154375 0.07977083333333333 0.08897916666666666
0 0.3186041666666667 0.3002916666666666 0.07122916666666666 0.07629166666666666
3 0.8237291666666666 0.5922916666666667 0.0584375 0.057374999999999995
9 0.4492291666666667 0.57325 0.06408333333333334 0.06256250000000001
9 0.5737291666666666 0.6904375 0.06110416666666666 0.059875
3 0.19654166666666667 0.30541666666666667 0.06610416666666667 0.06683333333333333
3 0.06572916666666667 0.18604166666666666 0.06841666666666667 0.07079166666666666
9 0.19420833333333334 0.8203125 0.05975 0.059333333333333335
9 0.32689583333333333 0.7089791666666667 0.06097916666666667 0.0575
9 0.8042083333333333 0.8164166666666667 0.06293750000000001 0.0611875
7 0.32910416666666664 0.9262708333333334 0.07989583333333333 0.07879166666666666
9 0.7094791666666667 0.567875 0.0611875 0.06210416666666666
11 0.9511666666666667 0.9541041666666668 0.07764583333333334 0.0703125
5 0.06658333333333334 0.06189583333333334 0.07208333333333333 0.08527083333333334
2 0.703125 0.30420833333333336 0.07489583333333334 0.08679166666666666
1 0.8207916666666667 0.18360416666666665 0.08495833333333333 0.09741666666666667
8 0.8164791666666668 0.4559375 0.07977083333333333 0.07722916666666667