5 0.04770833333333333 0.05541666666666667 0.09543750000000001 0.08008333333333333
0 0.18079166666666666 0.5649375 0.09552083333333333 0.06964583333333334
3 0.0584375 0.1691875 0.08495833333333333 0.0679375
1 0.6738333333333333 0.19433333333333333 0.10614583333333334 0.0856875
3 0.5356458333333334 0.453125 0.0676875 0.06210416666666666
9 0.4296875 0.7123958333333333 0.0725 0.057374999999999995
3 0.31616666666666665 0.17041666666666666 0.07945833333333334 0.06695833333333333
3 0.18187499999999998 0.171625 0.08122916666666667 0.06597916666666667
2 0.286125 0.3095625 0.09270833333333334 0.07160416666666666
8 0.6855416666666667 0.6875 0.07891666666666668 0.07341666666666667
9 0.8051666666666667 0.7895416666666667 0.0704375 0.0626875
9 0.6865208333333332 0.7934583333333334 0.0706875 0.06360416666666667
0 0.7958958333333332 0.5537083333333332 0.08166666666666668 0.0700625
5 0.9301666666666667 0.06902083333333334 0.08283333333333333 0.07879166666666666
9 0.29735416666666664 0.7836875 0.07860416666666666 0.06197916666666667
3 0.42285416666666664 0.4331041666666666 0.07806249999999999 0.06475
9 0.9252916666666666 0.7993125 0.06816666666666667 0.06293750000000001
3 0.9384791666666668 0.32885416666666667 0.06597916666666667 0.06304166666666668
3 0.80225 0.18895833333333334 0.06585416666666667 0.06110416666666666
11 0.06475 0.9199166666666667 0.10595833333333333 0.0810625
10 0.3975416666666666 0.93425 0.11737500000000001 0.0755625
7 0.8198333333333333 0.9418958333333334 0.09770833333333333 0.07341666666666667
9 0.18020833333333333 0.8110416666666667 0.08312499999999999 0.06189583333333334
9 0.06585416666666667 0.8051666666666667 0.08312499999999999 0.06695833333333333
6 0.2924791666666666 0.9350625 0.0989375 0.0705625
11 0.5737291666666666 0.9350625 0.0935 0.0706875
8 0.3110416666666667 0.6723541666666667 0.09947916666666666 0.06829166666666667
4 0.44116666666666665 0.049229166666666664 0.11181250000000001 0.09185416666666667