3 0.9399375 0.32885416666666667 0.06585416666666667 0.0628125
3 0.057291666666666664 0.17064583333333333 0.08464583333333334 0.0680625
3 0.182 0.17149999999999999 0.08312499999999999 0.0680625
5 0.04933333333333333 0.05552083333333333 0.09866666666666667 0.08179166666666667
3 0.8056666666666668 0.1892083333333333 0.0705625 0.06222916666666667
3 0.31347916666666664 0.16979166666666667 0.08239583333333332 0.0676875
9 0.06395833333333333 0.7094791666666667 0.0861875 0.06841666666666667
2 0.2873541666666667 0.3090833333333334 0.0935 0.07452083333333334
1 0.792 0.058895833333333335 0.10466666666666667 0.09570833333333333
9 0.31445833333333334 0.7719791666666667 0.08154166666666667 0.06222916666666667
3 0.536125 0.45360416666666664 0.06939583333333334 0.06197916666666667
9 0.43066666666666664 0.713875 0.06983333333333334 0.05664583333333333
0 0.4240625 0.4336041666666667 0.07825 0.06475
6 0.1665 0.7880833333333332 0.09770833333333333 0.07091666666666667
11 0.57325 0.9365208333333332 0.09331249999999999 0.0680625
9 0.29564583333333333 0.7085 0.07989583333333333 0.06383333333333334
11 0.065125 0.9174791666666666 0.1045 0.0751875
4 0.442625 0.0493125 0.11181250000000001 0.09270833333333334
7 0.8159166666666666 0.9389583333333333 0.08647916666666666 0.072875
5 0.9223541666666667 0.682125 0.08020833333333334 0.06914583333333332
9 0.6875 0.792 0.0730625 0.0626875
10 0.8095625 0.5693333333333332 0.0993125 0.07422916666666667