5 0.06585416666666667 0.06020833333333333 0.07239583333333334 0.08527083333333334
9 0.9301666666666667 0.8251875 0.06964583333333334 0.06525
3 0.4421458333333333 0.4453125 0.06452083333333333 0.06452083333333333
3 0.3247083333333334 0.18370833333333333 0.06866666666666667 0.0703125
8 0.43677083333333333 0.8168958333333334 0.07397916666666667 0.0730625
0 0.4497083333333334 0.3078541666666667 0.0706875 0.07452083333333334
2 0.182125 0.052437500000000005 0.07708333333333334 0.09447916666666667
3 0.5639583333333333 0.3015208333333333 0.06560416666666666 0.064875
10 0.4414166666666667 0.9350625 0.07825 0.07708333333333334
0 0.19910416666666667 0.16979166666666667 0.07195833333333333 0.08008333333333333
9 0.8037083333333332 0.8144583333333333 0.0611875 0.059208333333333335
3 0.8256875 0.1799375 0.06177083333333333 0.065
9 0.3249583333333333 0.7089791666666667 0.06310416666666667 0.058895833333333335
3 0.19483333333333333 0.30420833333333336 0.06572916666666667 0.0655
6 0.8056666666666668 0.6816458333333333 0.07654166666666667 0.072875
1 0.5527291666666667 0.052333333333333336 0.07695833333333332 0.10033333333333333
3 0.692875 0.17675000000000002 0.064875 0.06439583333333333
9 0.078375 0.82325 0.06256250000000001 0.0613125
3 0.06347916666666667 0.18370833333333333 0.0675625 0.0704375
11 0.07629166666666666 0.9355416666666667 0.07354166666666666 0.0704375
2 0.7065416666666666 0.2876041666666667 0.07464583333333333 0.08727083333333334
7 0.5654375 0.9375 0.0834375 0.08135416666666666
6 0.6938541666666667 0.9384791666666668 0.07385416666666668 0.07227083333333333
3 0.94775 0.1796875 0.06197916666666667 0.06452083333333333
4 0.4243125 0.050812500000000003 0.07806249999999999 0.09874999999999999
9 0.4492291666666667 0.5722708333333333 0.06829166666666667 0.06304166666666668
5 0.9462916666666668 0.05358333333333333 0.07891666666666668 0.08710416666666668
9 0.19433333333333333 0.8207916666666667 0.058020833333333334 0.058562499999999997
9 0.6938541666666667 0.8154375 0.064875 0.059541666666666666
8 0.6884791666666668 0.6845625 0.07239583333333334 0.07739583333333333
11 0.9292083333333333 0.9516666666666667 0.078375 0.07170833333333333
9 0.5707916666666667 0.6884791666666668 0.06464583333333333 0.0628125