9 0.6816458333333333 0.817375 0.09514583333333333 0.06829166666666667
5 0.0638125 0.8291041666666668 0.127625 0.07091666666666667
8 0.6512291666666666 0.5659166666666666 0.12458333333333332 0.080375
9 0.7871041666666667 0.6948333333333333 0.091375 0.06891666666666667
9 0.932625 0.8164166666666667 0.09447916666666667 0.06189583333333334
7 0.6435625 0.942375 0.145875 0.07708333333333334
3 0.050145833333333334 0.6953125 0.1003125 0.065125
3 0.9282291666666667 0.4189375 0.08375 0.06610416666666667
0 0.30389583333333337 0.6816458333333333 0.13547916666666668 0.06720833333333333
11 0.8060208333333333 0.30395833333333333 0.11408333333333333 0.083625
1 0.8969791666666667 0.17064583333333333 0.13135416666666666 0.10839583333333333