3 0.94775 0.17920833333333333 0.0628125 0.06372916666666667
7 0.5654375 0.9375 0.07945833333333334 0.078375
3 0.06347916666666667 0.18262499999999998 0.0675625 0.06927083333333334
3 0.692375 0.177 0.06525 0.06525
1 0.55225 0.052333333333333336 0.07860416666666666 0.1014375
8 0.8159166666666666 0.9438541666666667 0.07195833333333333 0.0754375
5 0.06439583333333333 0.060520833333333336 0.07227083333333333 0.08539583333333334
10 0.44164583333333335 0.9345625 0.07575 0.07433333333333333
3 0.8247083333333334 0.17920833333333333 0.0623125 0.06322916666666667
6 0.6933541666666667 0.9389583333333333 0.07452083333333334 0.072625
11 0.9277291666666667 0.9516666666666667 0.0785 0.07227083333333333
9 0.8037083333333332 0.8139583333333333 0.06372916666666667 0.06164583333333333
9 0.07739583333333333 0.8237291666666666 0.06222916666666667 0.06210416666666666
2 0.7060625 0.28783333333333333 0.07354166666666666 0.08587499999999999
3 0.19458333333333336 0.30420833333333336 0.06585416666666667 0.065125
3 0.32397916666666665 0.18420833333333334 0.06902083333333334 0.06927083333333334
3 0.44164583333333335 0.44506249999999997 0.06610416666666667 0.06622916666666666
9 0.3217708333333333 0.8183541666666667 0.059875 0.05975
0 0.44945833333333335 0.30835416666666665 0.07147916666666668 0.075875
3 0.5634791666666668 0.3012708333333334 0.06597916666666667 0.06427083333333333
2 0.18187499999999998 0.051458333333333335 0.07708333333333334 0.09447916666666667
8 0.43554166666666666 0.8168958333333334 0.07135416666666666 0.0705625
4 0.4235833333333333 0.050895833333333335 0.08122916666666667 0.09754166666666667
9 0.9306666666666668 0.8242291666666667 0.0699375 0.06670833333333334
0 0.31372916666666667 0.051270833333333335 0.072625 0.08739583333333334
11 0.07654166666666667 0.9360416666666667 0.07122916666666666 0.0706875
5 0.9453125 0.05260416666666667 0.08008333333333333 0.08710416666666668
6 0.8056666666666668 0.6806666666666668 0.07502083333333333 0.07170833333333333
9 0.19420833333333334 0.8198333333333333 0.05625 0.057916666666666665
9 0.57275 0.6884791666666668 0.0613125 0.06310416666666667
9 0.4501875 0.5693333333333332 0.06879166666666667 0.06572916666666667
9 0.692875 0.8154375 0.0628125 0.059666666666666666