5 0.06597916666666667 0.0493125 0.13193749999999999 0.09860416666666666
5 0.9179791666666667 0.043250000000000004 0.11779166666666667 0.08652083333333334
0 0.29735416666666664 0.04477083333333333 0.12939583333333332 0.08758333333333333
0 0.6655208333333333 0.0548125 0.12022916666666666 0.08802083333333334
2 0.7724583333333332 0.05389583333333334 0.12275 0.08587499999999999
3 0.05835416666666667 0.18566666666666667 0.10466666666666667 0.0703125
3 0.18445833333333334 0.18285416666666665 0.10089583333333334 0.06841666666666667
3 0.3078541666666667 0.1799375 0.10466666666666667 0.0703125
3 0.4313125 0.177125 0.09722916666666667 0.06731250000000001
3 0.80175 0.1743125 0.09058333333333332 0.06854166666666667
3 0.9296875 0.18702083333333333 0.08802083333333334 0.0700625
3 0.5586041666666667 0.17585416666666667 0.09979166666666667 0.06879166666666667
3 0.6889583333333333 0.17981250000000001 0.09514583333333333 0.06927083333333334
1 0.5256041666666667 0.058020833333333334 0.17658333333333334 0.11445833333333333
11 0.9384791666666668 0.9497916666666666 0.1065 0.06891666666666667
11 0.06560416666666666 0.9560625 0.12793749999999998 0.07433333333333333
9 0.04654166666666667 0.7988333333333333 0.0855625 0.06304166666666668
9 0.15579166666666666 0.8139375 0.11214583333333333 0.08499999999999999
9 0.4154375 0.8190624999999999 0.11306250000000001 0.0720625
9 0.7998125 0.8037083333333332 0.08679166666666666 0.06322916666666667
9 0.2937083333333333 0.7836875 0.09856250000000001 0.06335416666666667
9 0.9316458333333333 0.8134791666666668 0.08910416666666668 0.060770833333333336
8 0.18933333333333333 0.9711875 0.12964583333333332 0.05529166666666666
8 0.7960416666666668 0.9443333333333332 0.12766666666666668 0.0754375
6 0.6757916666666667 0.94775 0.12718749999999998 0.07227083333333333
10 0.43370833333333336 0.935625 0.15085416666666665 0.08962500000000001
4 0.4173541666666667 0.04652083333333333 0.15416666666666667 0.0930625
2 0.17222916666666668 0.050687499999999996 0.15277083333333333 0.10139583333333334
9 0.68125 0.8166666666666667 0.1125 0.07222916666666666
9 0.5402708333333333 0.825 0.1055625 0.075
7 0.5451458333333333 0.9340208333333333 0.16527083333333334 0.0875
6 0.2875 0.9430625 0.13889583333333333 0.08333333333333333