9 0.44433333333333336 0.807625 0.07708333333333334 0.0680625
11 0.05072916666666667 0.9526458333333333 0.09514583333333333 0.08093750000000001
2 0.7939375 0.05602083333333333 0.07720833333333334 0.072625
8 0.1850625 0.9394583333333333 0.096375 0.08929166666666667
9 0.31275000000000003 0.8105416666666667 0.0778125 0.06395833333333333
9 0.07477083333333333 0.8247083333333334 0.07806249999999999 0.07091666666666667
0 0.6782291666666667 0.048125 0.08979166666666667 0.0725
9 0.17675000000000002 0.8168958333333334 0.07708333333333334 0.07341666666666667
6 0.6860416666666667 0.9506875 0.08270833333333334 0.0810625
8 0.6840833333333334 0.6870208333333333 0.08947916666666668 0.07695833333333332
3 0.9213958333333333 0.17652083333333335 0.0679375 0.06152083333333334
10 0.45435416666666667 0.9501875 0.10522916666666667 0.09514583333333333
9 0.8046875 0.8183541666666667 0.06310416666666667 0.059958333333333336
6 0.29564583333333333 0.9150416666666668 0.09570833333333333 0.08020833333333334
1 0.5390625 0.06189583333333334 0.10820833333333332 0.07575
7 0.5473541666666667 0.9443333333333332 0.10466666666666667 0.0989375
5 0.9277291666666667 0.065125 0.08239583333333332 0.07104166666666667
3 0.4497083333333334 0.17981250000000001 0.07160416666666666 0.0623125
0 0.30225 0.051270833333333335 0.09845833333333333 0.0699375
4 0.432375 0.06164583333333333 0.11260416666666666 0.0755625
3 0.21141666666666667 0.18456250000000002 0.07341666666666667 0.0584375
3 0.6850625 0.18566666666666667 0.06891666666666667 0.059000000000000004
3 0.8061458333333333 0.166625 0.07147916666666668 0.064875
3 0.0584375 0.20116666666666666 0.072875 0.07397916666666667
9 0.6909166666666666 0.8154375 0.075875 0.0706875
3 0.3466875 0.171875 0.072875 0.06452083333333333
5 0.06064583333333333 0.04077083333333333 0.0623125 0.07122916666666666
9 0.9487083333333334 0.8019375 0.0800625 0.07202083333333334
2 0.3025 0.32739583333333333 0.09447916666666667 0.0706875
9 0.5542083333333333 0.557625 0.07091666666666667 0.06585416666666667
3 0.5664166666666667 0.4396875 0.06854166666666667 0.059333333333333335
11 0.9506041666666667 0.9389583333333333 0.07477083333333333 0.07629166666666666