3 0.8013958333333334 0.3145833333333333 0.09166666666666666 0.07360416666666666
3 0.9174791666666666 0.4282291666666667 0.08691666666666667 0.06360416666666667
3 0.059541666666666666 0.44116666666666665 0.1095 0.06670833333333334
0 0.5405208333333333 0.43702083333333336 0.122125 0.07464583333333333
5 0.2924791666666666 0.8134791666666668 0.12572916666666667 0.0704375
11 0.3940416666666666 0.5898541666666667 0.124625 0.07452083333333334
1 0.7880833333333332 0.05360416666666667 0.146125 0.10720833333333334
8 0.5234375 0.32275 0.124875 0.08208333333333333
9 0.7871041666666667 0.6962916666666668 0.09075000000000001 0.06683333333333333
9 0.6806666666666668 0.8193333333333332 0.09125 0.06610416666666667
9 0.9311458333333333 0.8164166666666667 0.08739583333333334 0.06152083333333334
7 0.6435625 0.9448333333333333 0.14391666666666666 0.07464583333333333