3 0.8027291666666667 0.198125 0.065375 0.059666666666666666
3 0.9389583333333333 0.3376458333333333 0.06720833333333333 0.06347916666666667
3 0.05541666666666667 0.17614583333333333 0.07945833333333334 0.06572916666666667
3 0.28002083333333333 0.4194375 0.07879166666666666 0.06452083333333333
5 0.42260416666666667 0.19518749999999999 0.0910625 0.07502083333333333
3 0.18066666666666667 0.17750000000000002 0.08179166666666667 0.06585416666666667
9 0.6845625 0.8002916666666666 0.07122916666666666 0.06347916666666667
1 0.7929791666666667 0.06708333333333334 0.10175000000000001 0.09418750000000001
9 0.06347916666666667 0.7153333333333334 0.0856875 0.06670833333333334
11 0.8066458333333333 0.9433541666666667 0.08539583333333334 0.07208333333333333
5 0.5478541666666668 0.8134791666666668 0.090875 0.0730625
7 0.166875 0.69775 0.11047916666666667 0.07654166666666667
6 0.286625 0.6962916666666668 0.09514583333333333 0.0730625
9 0.30225 0.5527291666666667 0.07793749999999999 0.06335416666666667