9 0.3093333333333333 0.8164166666666667 0.07531249999999999 0.06439583333333333
9 0.07739583333333333 0.8286041666666667 0.08122916666666667 0.06964583333333334
7 0.833 0.963375 0.09570833333333333 0.07239583333333334
5 0.431875 0.060083333333333336 0.10108333333333334 0.07945833333333334
3 0.5654375 0.44164583333333335 0.06635416666666667 0.06152083333333334
3 0.18152083333333333 0.17883333333333334 0.07793749999999999 0.06222916666666667
3 0.306875 0.18383333333333332 0.07793749999999999 0.06720833333333333
11 0.5776458333333333 0.9506875 0.09027083333333333 0.07904166666666666
2 0.6889583333333333 0.31908333333333333 0.083 0.0731875
9 0.17810416666666665 0.8183541666666667 0.07793749999999999 0.07122916666666666
4 0.5600625 0.3168958333333334 0.10577083333333334 0.0725
6 0.2924791666666666 0.9165 0.09302083333333333 0.07922916666666667
10 0.6816458333333333 0.6704166666666667 0.10247916666666666 0.08758333333333333
9 0.9501666666666666 0.8073958333333333 0.07279166666666666 0.07195833333333333
9 0.44654166666666667 0.8149375 0.07739583333333333 0.06683333333333333
9 0.8051666666666667 0.8222708333333333 0.06310416666666667 0.06360416666666667
11 0.051187500000000004 0.953125 0.09656250000000001 0.08660416666666666
1 0.28150000000000003 0.056854166666666664 0.11339583333333333 0.07879166666666666
9 0.6948333333333333 0.8183541666666667 0.0754375 0.06731250000000001
3 0.9340833333333334 0.32739583333333333 0.06816666666666667 0.0626875
3 0.807625 0.17004166666666667 0.0703125 0.065
8 0.3081041666666666 0.6708958333333332 0.10302083333333334 0.08385416666666666
3 0.0584375 0.20247916666666665 0.07227083333333333 0.06508333333333333
8 0.9462916666666668 0.0678125 0.096 0.0700625
0 0.2894583333333333 0.4483125 0.0994375 0.06102083333333333
2 0.04689583333333334 0.4471041666666667 0.07410416666666667 0.07745833333333334