7 0.5654375 0.9379791666666667 0.08283333333333333 0.07891666666666668
3 0.8247083333333334 0.17956249999999999 0.060520833333333336 0.06395833333333333
3 0.5639583333333333 0.30102083333333335 0.06560416666666666 0.06452083333333333
10 0.44164583333333335 0.9345625 0.0785 0.0754375
6 0.6943333333333332 0.9394583333333333 0.07397916666666667 0.0730625
3 0.06452083333333333 0.18383333333333332 0.06902083333333334 0.072625
0 0.45158333333333334 0.3067083333333333 0.0745 0.07729166666666668
3 0.9487291666666666 0.17920833333333333 0.0623125 0.06427083333333333
2 0.7070416666666667 0.2876041666666667 0.07695833333333332 0.0856875
8 0.8125 0.942375 0.07275000000000001 0.07891666666666668
3 0.19493749999999999 0.30395833333333333 0.06572916666666667 0.06635416666666667
3 0.692875 0.17675000000000002 0.065375 0.065125
5 0.06610416666666667 0.06041666666666667 0.0731875 0.08587499999999999
9 0.07764583333333334 0.82325 0.06372916666666667 0.06164583333333333
9 0.6933541666666667 0.8154375 0.0655 0.06041666666666667
3 0.4414166666666667 0.44556250000000003 0.06427083333333333 0.06335416666666667
9 0.9301666666666667 0.8207916666666667 0.06866666666666667 0.07091666666666667
8 0.43822916666666667 0.8168958333333334 0.072875 0.07452083333333334
9 0.19189583333333332 0.8193333333333332 0.06177083333333333 0.06152083333333334
11 0.92675 0.9511666666666667 0.07935416666666667 0.07531249999999999
9 0.5722708333333333 0.6875 0.06560416666666666 0.065375
9 0.8037083333333332 0.8144583333333333 0.06177083333333333 0.0584375
11 0.075875 0.9350625 0.0730625 0.06902083333333334
0 0.19897916666666668 0.1694375 0.07227083333333333 0.08093750000000001
1 0.5541250000000001 0.05320833333333333 0.07877083333333333 0.10383333333333335
6 0.8046875 0.682625 0.07366666666666667 0.06914583333333332
2 0.18285416666666665 0.051458333333333335 0.0808125 0.0966875
5 0.9467708333333333 0.05283333333333333 0.07825 0.08710416666666668
9 0.32764583333333336 0.708 0.06164583333333333 0.05633333333333333
3 0.32056250000000003 0.1857916666666667 0.0623125 0.0703125
9 0.4499583333333333 0.5722708333333333 0.0701875 0.0624375