0 0.32227083333333334 0.044187500000000005 0.09570833333333333 0.080375
5 0.050145833333333334 0.05370833333333334 0.1003125 0.080375
3 0.8051666666666667 0.1857916666666667 0.06914583333333332 0.06304166666666668
3 0.9140625 0.17675000000000002 0.0678125 0.06475
3 0.6831041666666666 0.17554166666666668 0.07366666666666667 0.06395833333333333
2 0.29175 0.307375 0.09204166666666666 0.072875
6 0.307625 0.5600625 0.09235416666666667 0.06952083333333332
9 0.4275 0.8159166666666666 0.07610416666666667 0.058895833333333335
3 0.0603125 0.16747916666666668 0.08508333333333334 0.06879166666666667
9 0.30054166666666665 0.7807708333333333 0.0778125 0.06464583333333333
3 0.44629166666666664 0.16333333333333336 0.07806249999999999 0.065
2 0.6806666666666668 0.30835416666666665 0.090875 0.07208333333333333
9 0.5561458333333333 0.5551666666666667 0.07366666666666667 0.06464583333333333
3 0.18554166666666666 0.1693125 0.08208333333333333 0.06670833333333334
8 0.18456250000000002 0.92725 0.09235416666666667 0.07531249999999999
3 0.317875 0.16747916666666668 0.08179166666666667 0.065
3 0.5390625 0.4501875 0.07147916666666668 0.06177083333333333
9 0.0679375 0.80175 0.0833125 0.06695833333333333
6 0.29491666666666666 0.932125 0.09789583333333333 0.0704375
8 0.6875 0.6870208333333333 0.08154166666666667 0.072875
9 0.6889583333333333 0.7915 0.06829166666666667 0.06304166666666668
0 0.6943333333333332 0.05072916666666667 0.08802083333333334 0.0833125
10 0.39891666666666664 0.9340833333333334 0.1171875 0.07610416666666667
5 0.9350625 0.0676875 0.09058333333333332 0.08093750000000001
9 0.18456250000000002 0.807625 0.08252083333333333 0.0655
7 0.5649375 0.9306666666666668 0.11010416666666667 0.07683333333333334
9 0.8086041666666667 0.7876041666666667 0.0704375 0.0613125
11 0.9189375 0.9228541666666668 0.07695833333333332 0.0680625
11 0.06622916666666666 0.9150416666666668 0.10504166666666667 0.07666666666666666
9 0.9287083333333332 0.796875 0.0699375 0.0624375
4 0.4509375 0.04708333333333334 0.11858333333333333 0.08989583333333333
1 0.5502916666666666 0.045875 0.1043125 0.08960416666666667