3 0.921875 0.17614583333333333 0.06879166666666667 0.06222916666666667
6 0.2946875 0.9155208333333333 0.094 0.07922916666666667
8 0.7983333333333333 0.4404375 0.08375 0.07720833333333334
3 0.6850625 0.1850625 0.07195833333333333 0.059333333333333335
3 0.8061458333333333 0.1665 0.07422916666666667 0.06695833333333333
9 0.07654166666666667 0.8251875 0.0808125 0.06854166666666667
10 0.4509375 0.9516666666666667 0.1066875 0.09466666666666666
3 0.5644583333333333 0.43945833333333334 0.06720833333333333 0.0624375
11 0.9462916666666668 0.9399375 0.0730625 0.072875
9 0.41300000000000003 0.4486458333333333 0.07575 0.06425
5 0.9282291666666667 0.065 0.08312499999999999 0.07170833333333333
9 0.6894166666666667 0.8174375 0.07675000000000001 0.06133333333333334
9 0.44306249999999997 0.8131458333333333 0.08258333333333333 0.06010416666666667
7 0.54925 0.9453125 0.10577083333333334 0.0993125
0 0.6777291666666667 0.04760416666666667 0.08947916666666668 0.0731875
3 0.3464375 0.16979166666666667 0.0751875 0.06439583333333333
9 0.17566666666666667 0.8196458333333333 0.08435416666666667 0.07291666666666667
9 0.8037083333333332 0.817375 0.0624375 0.06085416666666667
9 0.9555625 0.8061458333333333 0.0704375 0.06383333333333334
3 0.21179166666666666 0.18456250000000002 0.07452083333333334 0.057291666666666664
5 0.06064583333333333 0.0391875 0.06110416666666666 0.07091666666666667
9 0.31177083333333333 0.8100625 0.07793749999999999 0.06708333333333334
2 0.6870208333333333 0.3149375 0.08227083333333333 0.07079166666666666
11 0.049416666666666664 0.9565416666666666 0.09331249999999999 0.07695833333333332
8 0.18247916666666666 0.9414583333333333 0.10604166666666666 0.0959375
6 0.31177083333333333 0.5400416666666668 0.09320833333333334 0.07160416666666666
0 0.2993125 0.0519375 0.10016666666666667 0.07341666666666667
3 0.05975 0.19970833333333332 0.07489583333333334 0.07141666666666667
2 0.04639583333333333 0.45239583333333333 0.07575 0.06902083333333334
4 0.5358750000000001 0.06085416666666667 0.11654166666666667 0.07641666666666666
1 0.42993750000000003 0.06256250000000001 0.1171875 0.07904166666666666