3 0.8051666666666667 0.18822916666666664 0.06731250000000001 0.0611875
3 0.182375 0.17102083333333334 0.08093750000000001 0.06439583333333333
1 0.7939375 0.0570625 0.10052083333333334 0.09435416666666667
3 0.28172916666666664 0.411375 0.07764583333333334 0.06452083333333333
9 0.6865208333333332 0.7905208333333333 0.07135416666666666 0.06256250000000001
3 0.9399375 0.32689583333333333 0.06622916666666666 0.0626875
5 0.6850625 0.04779166666666667 0.08539583333333334 0.078375
9 0.06525 0.7094791666666667 0.08435416666666667 0.06670833333333334
3 0.057374999999999995 0.17029166666666665 0.07922916666666667 0.0626875
6 0.3100625 0.692375 0.09235416666666667 0.07331249999999999
7 0.5439375 0.6972708333333333 0.11358333333333334 0.08122916666666667
9 0.307125 0.5454166666666667 0.08208333333333333 0.06622916666666666
9 0.4328541666666667 0.7128958333333333 0.07208333333333333 0.0570625
11 0.67675 0.9418958333333334 0.08789583333333333 0.06902083333333334
5 0.921875 0.807625 0.05560416666666667 0.06475