1 0.7949166666666667 0.05654166666666667 0.10175000000000001 0.094
9 0.064875 0.708 0.08447916666666666 0.06610416666666667
3 0.0570625 0.16808333333333333 0.07891666666666668 0.06635416666666667
9 0.432375 0.7123958333333333 0.07629166666666666 0.05410416666666666
3 0.182 0.17102083333333334 0.08122916666666667 0.06597916666666667
6 0.3090833333333334 0.6889583333333333 0.09185416666666667 0.06670833333333334
3 0.8037083333333332 0.18762500000000001 0.0655 0.0613125
11 0.06622916666666666 0.9165 0.1043125 0.07597916666666667
7 0.43383333333333335 0.8012708333333334 0.11395833333333334 0.07695833333333332
5 0.9384791666666668 0.44335416666666666 0.0778125 0.06816666666666667
5 0.557625 0.055125 0.08947916666666668 0.08166666666666668
3 0.28197916666666667 0.411875 0.07945833333333334 0.06635416666666667
9 0.6889583333333333 0.792 0.06816666666666667 0.06585416666666667
3 0.9399375 0.32689583333333333 0.06720833333333333 0.06310416666666667
9 0.3046875 0.5463958333333333 0.0805 0.06372916666666667