9 0.7881874999999999 0.6993125 0.09860416666666666 0.0680625
9 0.6800416666666667 0.8188541666666667 0.09541666666666666 0.07208333333333333
9 0.932125 0.8159166666666666 0.09704166666666666 0.06222916666666667
3 0.0584375 0.18847916666666667 0.10229166666666667 0.0701875
3 0.7973541666666667 0.31347916666666664 0.0861875 0.06408333333333334
3 0.6911041666666667 0.19043749999999998 0.094 0.08364583333333334
11 0.1608125 0.19910416666666667 0.1368125 0.08227083333333333
5 0.55225 0.4406666666666667 0.12420833333333332 0.07764583333333334
8 0.5575625 0.1915 0.13972916666666665 0.0863125
0 0.6445416666666667 0.065 0.11395833333333334 0.0888125
1 0.76125 0.20085416666666667 0.15927083333333333 0.11004166666666666
7 0.8154375 0.9414166666666667 0.14635416666666667 0.08197916666666667
3 0.931375 0.18916666666666665 0.0986875 0.07935416666666667