9 0.7085 0.5703125 0.06152083333333334 0.057374999999999995
2 0.7026458333333333 0.30345833333333333 0.075875 0.0863125
10 0.3249583333333333 0.8154375 0.07752083333333333 0.07464583333333333
4 0.4467708333333333 0.31445833333333334 0.07964583333333333 0.0883125
3 0.1955625 0.30493750000000003 0.06560416666666666 0.06645833333333333
0 0.3186041666666667 0.2998125 0.07195833333333333 0.07752083333333333
9 0.07752083333333333 0.8237291666666666 0.058020833333333334 0.057708333333333334
3 0.6884791666666668 0.4265208333333333 0.0655 0.0623125
6 0.43872916666666667 0.682625 0.06983333333333334 0.06879166666666667
9 0.5737291666666666 0.6889583333333333 0.06360416666666667 0.06152083333333334
3 0.5649375 0.302 0.06597916666666667 0.065
3 0.442375 0.44604166666666667 0.06408333333333334 0.06293750000000001
3 0.32445833333333335 0.1848125 0.06560416666666666 0.06731250000000001
8 0.8144583333333333 0.4548333333333333 0.07879166666666666 0.07422916666666667
9 0.8037083333333332 0.8154375 0.059958333333333336 0.057791666666666665
3 0.06464583333333333 0.18433333333333335 0.0678125 0.0705625
9 0.32910416666666664 0.7089791666666667 0.06020833333333333 0.06097916666666667
9 0.19420833333333334 0.8212916666666668 0.059541666666666666 0.057374999999999995
1 0.8207916666666667 0.18335416666666668 0.08435416666666667 0.09789583333333333
3 0.82325 0.5913125 0.058562499999999997 0.0570625
9 0.4499583333333333 0.5742291666666667 0.065125 0.0611875
7 0.32935416666666667 0.9248125 0.08135416666666666 0.07935416666666667
5 0.06695833333333333 0.06097916666666667 0.07147916666666668 0.08495833333333333
11 0.9506875 0.9506875 0.07739583333333333 0.06983333333333334