9 0.19372916666666665 0.8159166666666666 0.11241666666666666 0.06222916666666667
3 0.9576041666666666 0.18797916666666667 0.08477083333333332 0.06427083333333333
0 0.4907291666666667 0.3164166666666667 0.14416666666666667 0.06952083333333332
3 0.8463541666666666 0.3168958333333334 0.127 0.06439583333333333
9 0.46166666666666667 0.6953125 0.11083333333333334 0.059208333333333335
3 0.09997916666666667 0.3220208333333333 0.11010416666666667 0.06360416666666667
11 0.08600000000000001 0.9262708333333334 0.13183333333333333 0.0628125
3 0.7426666666666667 0.18702083333333333 0.119375 0.06408333333333334
1 0.8813541666666667 0.06041666666666667 0.20214583333333333 0.09570833333333333
6 0.3344791666666667 0.942375 0.15197916666666667 0.08464583333333334
9 0.94825 0.67675 0.0993125 0.06335416666666667
9 0.2326666666666667 0.4438541666666667 0.11316666666666667 0.057791666666666665
10 0.7384375 0.6761041666666666 0.1938125 0.08254166666666667
5 0.5932708333333333 0.06322916666666667 0.1431875 0.0834375
9 0.3408125 0.31933333333333336 0.12291666666666666 0.06420833333333334
4 0.36816666666666664 0.17627083333333332 0.1735833333333333 0.08770833333333333
5 0.35889583333333336 0.051666666666666666 0.14220833333333335 0.0856875
11 0.6957916666666667 0.9560625 0.15075 0.072625
3 0.7421875 0.31820833333333337 0.127 0.06439583333333333
9 0.7001875 0.8147708333333333 0.122875 0.07485416666666667
9 0.8056458333333333 0.8277916666666666 0.122875 0.07485416666666667
7 0.8225833333333333 0.9526458333333333 0.13697916666666668 0.09027083333333333