3 0.7465833333333334 0.18360416666666665 0.12291666666666666 0.06293750000000001
3 0.6137708333333334 0.19604166666666664 0.11614583333333334 0.06408333333333334
3 0.4809583333333334 0.19543750000000001 0.1171875 0.06731250000000001
3 0.34179166666666666 0.17554166666666668 0.10931249999999999 0.06304166666666668
3 0.208125 0.1898125 0.1070625 0.06475
3 0.07122916666666666 0.20154166666666665 0.11102083333333333 0.07170833333333333
5 0.06464583333333333 0.059416666666666666 0.12829166666666666 0.08435416666666667
2 0.21191666666666667 0.049770833333333334 0.15406250000000002 0.08135416666666666
5 0.963125 0.08897916666666666 0.07372916666666667 0.06841666666666667
3 0.8574166666666667 0.19493749999999999 0.12189583333333333 0.06597916666666667
4 0.48843749999999997 0.0479375 0.19625 0.09589583333333333
3 0.9560625 0.18627083333333333 0.08477083333333332 0.06293750000000001
9 0.9418124999999999 0.8300833333333333 0.11635416666666668 0.07502083333333333
9 0.8024166666666667 0.8164166666666667 0.1139375 0.06525
0 0.3566875 0.049416666666666664 0.20116666666666666 0.08789583333333333
9 0.7005208333333334 0.8105416666666667 0.12033333333333333 0.07385416666666668
9 0.20445833333333333 0.8183541666666667 0.12000000000000001 0.0628125
9 0.2941875 0.7890625 0.12854166666666667 0.05975
9 0.5498125 0.8027291666666667 0.11858333333333333 0.055125
9 0.4348958333333333 0.8286041666666667 0.12022916666666666 0.07079166666666666
2 0.8545 0.04558333333333333 0.15214583333333334 0.0911875
0 0.7395833333333334 0.0553125 0.1671875 0.07677083333333333
1 0.636875 0.0479375 0.20666666666666667 0.09589583333333333
11 0.08689583333333334 0.9241458333333333 0.13387500000000002 0.07516666666666666
8 0.219 0.9363541666666666 0.145625 0.0730625
6 0.34260416666666665 0.9435208333333333 0.16329166666666667 0.0935
10 0.48039583333333336 0.9389583333333333 0.19470833333333332 0.07825
7 0.6012291666666666 0.9420625 0.20614583333333333 0.08729166666666667
6 0.7104583333333333 0.9467708333333333 0.14114583333333333 0.08179166666666667
11 0.9329375 0.9526458333333333 0.13045833333333332 0.07227083333333333
8 0.8307291666666666 0.9544374999999999 0.1586875 0.07758333333333334
9 0.10991666666666666 0.7915 0.106875 0.057916666666666665