3 0.17785416666666667 0.18127083333333335 0.080375 0.06293750000000001
9 0.5751875 0.5625 0.07160416666666666 0.06222916666666667
3 0.5581041666666666 0.17639583333333334 0.07597916666666667 0.06335416666666667
2 0.3154375 0.30664583333333334 0.08447916666666666 0.0674375
3 0.6875 0.17810416666666665 0.07227083333333333 0.06222916666666667
6 0.3164166666666667 0.5512708333333334 0.09075000000000001 0.0703125
9 0.4313958333333333 0.5634791666666668 0.0785 0.06322916666666667
2 0.703125 0.29320833333333335 0.0805 0.07183333333333333
3 0.07079166666666666 0.1857916666666667 0.08416666666666667 0.06408333333333334
3 0.3188541666666667 0.17981250000000001 0.080625 0.06395833333333333
5 0.078375 0.05429166666666666 0.09435416666666667 0.07135416666666666
0 0.29564583333333333 0.05489583333333334 0.09435416666666667 0.07341666666666667
1 0.5463958333333333 0.04491666666666667 0.1014375 0.07502083333333333
3 0.94825 0.16602083333333334 0.0676875 0.06335416666666667
9 0.8115208333333332 0.8066458333333333 0.06475 0.058895833333333335
0 0.6943333333333332 0.042874999999999996 0.08435416666666667 0.07091666666666667
5 0.9585 0.044270833333333336 0.07825 0.07331249999999999
4 0.44116666666666665 0.044520833333333336 0.11127083333333333 0.07708333333333334
9 0.6860416666666667 0.7988333333333333 0.0704375 0.06372916666666667
11 0.9492291666666667 0.9350625 0.07720833333333334 0.0755625
10 0.41820833333333335 0.9418958333333334 0.10991666666666666 0.091375
8 0.8002916666666666 0.9336041666666667 0.09302083333333333 0.08020833333333334
9 0.18822916666666664 0.8066458333333333 0.083625 0.06658333333333334
8 0.3154375 0.6904375 0.10108333333333334 0.07104166666666667
7 0.5600625 0.942375 0.10991666666666666 0.10108333333333334
11 0.05410416666666666 0.9370208333333333 0.09252083333333333 0.08464583333333334
9 0.05697916666666667 0.8046875 0.08239583333333332 0.06304166666666668
9 0.9438541666666667 0.8086041666666667 0.06708333333333334 0.060770833333333336
3 0.8349583333333332 0.16614583333333333 0.06914583333333332 0.06210416666666666
6 0.30585416666666665 0.9407083333333334 0.08660416666666666 0.07091666666666667