3 0.9135833333333333 0.17652083333333335 0.0679375 0.06420833333333334
3 0.8042083333333333 0.18712499999999999 0.0675625 0.06210416666666666
5 0.9311458333333333 0.0676875 0.08660416666666666 0.0810625
9 0.9277291666666667 0.7983333333333333 0.0679375 0.06177083333333333
3 0.6836041666666667 0.17579166666666665 0.07385416666666668 0.06439583333333333
9 0.807625 0.7876041666666667 0.07122916666666666 0.06189583333333334
9 0.06635416666666667 0.8032291666666667 0.08093750000000001 0.06622916666666666
3 0.5615208333333332 0.1799375 0.072625 0.06525
9 0.1849375 0.8100625 0.08252083333333333 0.0680625
3 0.44556250000000003 0.16624999999999998 0.07891666666666668 0.06610416666666667
2 0.8242291666666667 0.058020833333333334 0.07708333333333334 0.0856875
3 0.18297916666666666 0.16991666666666666 0.08008333333333333 0.06610416666666667
11 0.917 0.9228541666666668 0.07891666666666668 0.0676875
3 0.0584375 0.16785416666666667 0.07879166666666666 0.064875
5 0.04820833333333333 0.053000000000000005 0.09639583333333333 0.07945833333333334
9 0.6875 0.7905208333333333 0.07208333333333333 0.064875
3 0.31616666666666665 0.16808333333333333 0.08020833333333334 0.06635416666666667
9 0.2985833333333333 0.78125 0.07464583333333333 0.06293750000000001
8 0.18370833333333333 0.9277291666666667 0.09570833333333333 0.075875
9 0.4265208333333333 0.817875 0.07904166666666666 0.0614375
0 0.6933541666666667 0.051354166666666666 0.09075000000000001 0.08239583333333332
11 0.06408333333333334 0.9155208333333333 0.10052083333333334 0.07464583333333333
6 0.2944375 0.9331041666666666 0.096 0.0704375
9 0.5561458333333333 0.5556666666666668 0.072625 0.06222916666666667
7 0.5654375 0.9311458333333333 0.11029166666666666 0.07575
10 0.39891666666666664 0.9345625 0.1145625 0.07422916666666667
2 0.18554166666666666 0.043375000000000004 0.08960416666666667 0.08154166666666667
6 0.6762708333333334 0.9174791666666666 0.083625 0.0679375
8 0.7954166666666667 0.9443333333333332 0.07531249999999999 0.07764583333333334
1 0.5424791666666666 0.04733333333333333 0.11102083333333333 0.09039583333333333
4 0.4505208333333333 0.054000000000000006 0.10329166666666666 0.07895833333333332