8 0.8149375 0.45337500000000003 0.07666666666666666 0.07683333333333334
3 0.6875 0.42725 0.06525 0.0626875
6 0.5483333333333333 0.8164166666666667 0.0703125 0.06891666666666667
4 0.44629166666666664 0.3145 0.07891666666666668 0.0906875
3 0.19579166666666667 0.30566666666666664 0.06670833333333334 0.06670833333333334
9 0.19397916666666667 0.8198333333333333 0.058562499999999997 0.059875
9 0.07695833333333332 0.8242291666666667 0.058020833333333334 0.05864583333333333
10 0.323 0.8159166666666666 0.07654166666666667 0.07366666666666667
0 0.19958333333333333 0.17054166666666667 0.07208333333333333 0.0810625
3 0.5639583333333333 0.30272916666666666 0.064875 0.06408333333333334
2 0.7016666666666667 0.3030833333333333 0.07575 0.0895625
9 0.4499583333333333 0.57275 0.065125 0.06222916666666667
3 0.44164583333333335 0.4470208333333333 0.06310416666666667 0.0628125
3 0.32445833333333335 0.1849375 0.06658333333333334 0.0675625
3 0.06475 0.18456250000000002 0.06731250000000001 0.0706875
9 0.57325 0.6889583333333333 0.06064583333333333 0.06177083333333333
9 0.32860416666666664 0.7094791666666667 0.059333333333333335 0.057291666666666664
9 0.8032291666666667 0.8159166666666666 0.0623125 0.060770833333333336
5 0.06695833333333333 0.06164583333333333 0.0731875 0.0861875
3 0.82275 0.5922916666666667 0.05835416666666667 0.0570625
9 0.692375 0.817375 0.06383333333333334 0.059333333333333335
7 0.32837500000000003 0.9248125 0.0810625 0.07977083333333333
11 0.9516666666666667 0.9541041666666668 0.07891666666666668 0.07091666666666667
1 0.8186458333333333 0.18408333333333332 0.08512499999999999 0.09618750000000001