9 0.7916666666666666 0.6972291666666667 0.1 0.07222916666666666
9 0.6769166666666667 0.8188541666666667 0.10260416666666666 0.065
9 0.9301666666666667 0.8154375 0.08910416666666668 0.0613125
8 0.28858333333333336 0.302 0.13183333333333333 0.0863125
11 0.15960416666666666 0.19766666666666666 0.13341666666666668 0.08158333333333333
7 0.6450208333333334 0.9409166666666666 0.15125 0.07891666666666668
0 0.6414791666666667 0.06525 0.12110416666666667 0.09172916666666667
3 0.7963958333333333 0.3125 0.08435416666666667 0.0655
3 0.9311458333333333 0.1892083333333333 0.0886875 0.07122916666666666
3 0.057708333333333334 0.18775 0.10375 0.06939583333333334
3 0.6921875 0.19047916666666667 0.09470833333333334 0.08052083333333333
5 0.536125 0.8203125 0.12066666666666667 0.07135416666666666
1 0.7581666666666667 0.20158333333333334 0.1572083333333333 0.11108333333333334