6 0.6541041666666667 0.9345625 0.12310416666666667 0.0675625
10 0.4046458333333333 0.9277291666666667 0.15122916666666666 0.08072916666666667
8 0.40527083333333336 0.8115208333333332 0.1381875 0.0699375
5 0.9174791666666666 0.051187500000000004 0.11279166666666667 0.09008333333333333
7 0.5257916666666667 0.9327500000000001 0.15210416666666668 0.08266666666666667
0 0.2983333333333333 0.04097916666666667 0.12793749999999998 0.08179166666666667
11 0.9257916666666667 0.9248125 0.10577083333333334 0.06816666666666667
9 0.0500625 0.8115208333333332 0.100125 0.06420833333333334
9 0.9238333333333333 0.80225 0.08679166666666666 0.06854166666666667
5 0.05835416666666667 0.044270833333333336 0.115 0.0861875
9 0.5498125 0.7001875 0.091375 0.06420833333333334
8 0.5444375 0.4404375 0.12964583333333332 0.07904166666666666
4 0.26577083333333335 0.17516666666666666 0.15045833333333333 0.096875
11 0.058562499999999997 0.9409166666666666 0.11614583333333334 0.07452083333333334
9 0.6708958333333332 0.5659166666666666 0.09039583333333333 0.06658333333333334
3 0.6704166666666667 0.171875 0.094 0.06658333333333334
3 0.28808333333333336 0.29175 0.09966666666666667 0.065375
9 0.4275 0.5625 0.09552083333333333 0.0655
1 0.5302708333333334 0.043187500000000004 0.15406250000000002 0.08637500000000001
9 0.7963958333333333 0.8046875 0.08464583333333334 0.057291666666666664
3 0.9243125 0.17725 0.08710416666666668 0.06560416666666666
6 0.7745625 0.6909166666666666 0.11895833333333333 0.07385416666666668
3 0.055125 0.43847916666666664 0.1045 0.06408333333333334
2 0.6626041666666667 0.30175 0.12658333333333333 0.07477083333333333
9 0.1779791666666667 0.8037083333333332 0.1014375 0.06383333333333334
3 0.5278333333333334 0.3002916666666666 0.09570833333333333 0.06645833333333333
9 0.29029166666666667 0.69825 0.10229166666666667 0.06020833333333333
3 0.41454166666666664 0.43652083333333336 0.09204166666666666 0.05864583333333333
3 0.8061458333333333 0.17566666666666667 0.09418750000000001 0.06854166666666667
3 0.15331250000000002 0.2941875 0.1019375 0.06610416666666667
0 0.421875 0.3086041666666667 0.12658333333333333 0.07489583333333334
2 0.411875 0.17077083333333334 0.12964583333333332 0.07720833333333334