10 0.32445833333333335 0.8168958333333334 0.0778125 0.07452083333333334
9 0.4499583333333333 0.5737291666666666 0.06572916666666667 0.0611875
6 0.43822916666666667 0.6836041666666667 0.0701875 0.06854166666666667
9 0.5712916666666668 0.6904375 0.06360416666666667 0.060770833333333336
9 0.32860416666666664 0.7104583333333333 0.06197916666666667 0.0614375
2 0.7016666666666667 0.30516666666666664 0.07708333333333334 0.08979166666666667
8 0.8164166666666667 0.45410416666666664 0.07464583333333333 0.07385416666666668
9 0.07739583333333333 0.8251875 0.058562499999999997 0.058562499999999997
9 0.8037083333333332 0.7045833333333333 0.06304166666666668 0.06064583333333333
9 0.19433333333333333 0.8217708333333333 0.058562499999999997 0.058562499999999997
0 0.317875 0.3007916666666667 0.07160416666666666 0.07666666666666666
9 0.7085 0.567375 0.06152083333333334 0.06408333333333334
4 0.4336041666666667 0.17627083333333332 0.07904166666666666 0.096
3 0.3247083333333334 0.1848125 0.06879166666666667 0.06879166666666667
7 0.32860416666666664 0.9257916666666667 0.0810625 0.0810625
3 0.19518749999999999 0.30591666666666667 0.06670833333333334 0.0679375
3 0.5634791666666668 0.3025 0.06622916666666666 0.06475
3 0.8222708333333333 0.5922916666666667 0.06041666666666667 0.059541666666666666
3 0.6875 0.4279791666666667 0.06585416666666667 0.06310416666666667
3 0.064875 0.1851875 0.06720833333333333 0.07147916666666668
3 0.4418958333333334 0.44727083333333334 0.06395833333333333 0.06335416666666667