3 0.17395833333333333 0.18127083333333335 0.080625 0.06304166666666668
9 0.051666666666666666 0.8066458333333333 0.08270833333333334 0.06408333333333334
5 0.5688541666666667 0.05420833333333333 0.083 0.0703125
9 0.578125 0.3107916666666667 0.07195833333333333 0.06085416666666667
3 0.7060625 0.2768541666666666 0.07195833333333333 0.06347916666666667
3 0.306875 0.16991666666666666 0.0785 0.06256250000000001
1 0.2851666666666667 0.05677083333333333 0.10991666666666666 0.07752083333333333
9 0.9404375 0.8095625 0.06427083333333333 0.06020833333333333
9 0.3171458333333333 0.557125 0.07597916666666667 0.06347916666666667
0 0.33960416666666665 0.3061458333333333 0.08802083333333334 0.0703125
3 0.0674375 0.18664583333333334 0.08477083333333332 0.06395833333333333
0 0.07160416666666666 0.41820833333333335 0.09656250000000001 0.06841666666666667
3 0.8315416666666666 0.16710416666666666 0.0675625 0.06210416666666666
3 0.9453125 0.166375 0.06658333333333334 0.06310416666666667
9 0.807625 0.807125 0.06658333333333334 0.059875
11 0.5556666666666668 0.8164166666666667 0.08197916666666667 0.07195833333333333
8 0.6933541666666667 0.6816458333333333 0.09075000000000001 0.072625
9 0.6811458333333333 0.7998125 0.0705625 0.065375
7 0.8251875 0.9130833333333332 0.10375 0.09302083333333333
6 0.7216875 0.5483333333333333 0.07904166666666666 0.07183333333333333