8 0.40710416666666666 0.8100625 0.14662499999999998 0.07331249999999999
8 0.5449166666666667 0.4396875 0.13574999999999998 0.0785
9 0.17822916666666666 0.8042083333333333 0.10247916666666666 0.06464583333333333
9 0.050812500000000003 0.8125 0.10125 0.06395833333333333
3 0.6699166666666667 0.17272916666666666 0.0935 0.06670833333333334
9 0.5512708333333334 0.7011666666666667 0.09331249999999999 0.0624375
11 0.0611875 0.9409166666666666 0.12127083333333334 0.07422916666666667
9 0.6704166666666667 0.567875 0.09270833333333334 0.064875
9 0.9228541666666668 0.8037083333333332 0.08910416666666668 0.06708333333333334
11 0.9292083333333333 0.9257916666666667 0.1039375 0.0706875
4 0.26577083333333335 0.1760625 0.15508333333333332 0.09741666666666667
9 0.7963958333333333 0.8051666666666667 0.08691666666666667 0.057708333333333334
2 0.6635833333333333 0.30272916666666666 0.12695833333333334 0.07610416666666667
6 0.7742916666666667 0.6913958333333333 0.11872916666666668 0.07227083333333333
3 0.5253958333333333 0.30054166666666665 0.09754166666666667 0.06635416666666667
6 0.6559166666666666 0.9345625 0.11737500000000001 0.06854166666666667
9 0.4282291666666667 0.5639583333333333 0.09754166666666667 0.06464583333333333
9 0.2905208333333333 0.6997083333333334 0.09856250000000001 0.05835416666666667
0 0.42064583333333333 0.3095625 0.12572916666666667 0.075875
3 0.41210416666666666 0.43702083333333336 0.09302083333333333 0.058895833333333335
3 0.28833333333333333 0.2939375 0.10175000000000001 0.06464583333333333
10 0.4028333333333334 0.9312083333333334 0.14856250000000001 0.077875
3 0.8056666666666668 0.17664583333333334 0.09252083333333333 0.06866666666666667
3 0.1534375 0.29491666666666666 0.10175000000000001 0.065125
2 0.4106458333333334 0.171875 0.13 0.07825
3 0.9243125 0.17822916666666666 0.08758333333333333 0.06525
3 0.0655 0.16722916666666665 0.1045 0.06854166666666667
1 0.5326458333333333 0.043729166666666666 0.15731250000000002 0.08745833333333333
5 0.057791666666666665 0.04525 0.1145625 0.0861875
0 0.29639583333333336 0.042229166666666665 0.1305 0.083625
5 0.9174791666666666 0.051187500000000004 0.11218750000000001 0.08979166666666667
7 0.5309166666666667 0.9318541666666668 0.15097916666666666 0.08085416666666667