9 0.5395833333333333 0.46597916666666667 0.10693749999999999 0.0819375
9 0.046625 0.7998125 0.08727083333333334 0.060770833333333336
11 0.9310625 0.9500416666666667 0.0973125 0.06766666666666667
9 0.2876041666666667 0.713875 0.09656250000000001 0.06622916666666666
9 0.4126041666666667 0.8168958333333334 0.10070833333333334 0.06310416666666667
9 0.9248125 0.8134791666666668 0.08495833333333333 0.06395833333333333
9 0.7988333333333333 0.8046875 0.08770833333333333 0.06347916666666667
9 0.6792083333333333 0.8164166666666667 0.09552083333333333 0.06585416666666667
3 0.42870833333333336 0.17908333333333332 0.09656250000000001 0.06708333333333334
9 0.15479166666666666 0.8125 0.09827083333333334 0.0678125
11 0.06460416666666667 0.9594791666666667 0.12920833333333334 0.07195833333333333
6 0.6757916666666667 0.9521458333333332 0.13135416666666666 0.0703125
2 0.171625 0.048854166666666664 0.1331875 0.08385416666666666
8 0.7941666666666667 0.944125 0.12508333333333332 0.07091666666666667
1 0.5322291666666666 0.057749999999999996 0.14014583333333333 0.1083125
2 0.6561875 0.3027708333333334 0.12987500000000002 0.07960416666666667
4 0.40722916666666664 0.0468125 0.1431875 0.09172916666666667
7 0.5371041666666667 0.9340833333333334 0.15920833333333334 0.07989583333333333
5 0.06085416666666667 0.042562499999999996 0.12104166666666667 0.08252083333333333
6 0.28925 0.9448333333333333 0.13329166666666667 0.07091666666666667
3 0.3029791666666667 0.4096666666666666 0.10016666666666667 0.0623125
8 0.1858125 0.9745 0.12829166666666666 0.050979166666666666
10 0.43104166666666666 0.9392499999999999 0.14262499999999997 0.08622916666666666
5 0.9160208333333333 0.0424375 0.11418750000000001 0.084875
3 0.8012708333333334 0.17516666666666666 0.09039583333333333 0.0679375
3 0.9296875 0.18847916666666667 0.08647916666666666 0.06879166666666667
3 0.17339583333333333 0.1924375 0.10893749999999999 0.07362500000000001
0 0.29810416666666667 0.04639583333333333 0.13366666666666666 0.08802083333333334
0 0.661125 0.05654166666666667 0.11797916666666668 0.0883125
3 0.5608333333333333 0.1779791666666667 0.11025 0.07718749999999999
3 0.6900625 0.1803125 0.09958333333333333 0.0708125
3 0.0584375 0.18627083333333333 0.10358333333333333 0.0700625