9 0.708 0.5693333333333332 0.06383333333333334 0.058562499999999997
3 0.5620208333333333 0.30175 0.065125 0.06383333333333334
9 0.1936041666666667 0.7036041666666667 0.059333333333333335 0.0575
3 0.4406666666666667 0.44629166666666664 0.06304166666666668 0.0623125
9 0.57325 0.6899375 0.06177083333333333 0.0611875
3 0.6860416666666667 0.4262708333333334 0.06475 0.06197916666666667
9 0.3264166666666667 0.7099583333333332 0.06020833333333333 0.059416666666666666
10 0.5776458333333333 0.8100625 0.07610416666666667 0.07452083333333334
3 0.19347916666666667 0.30591666666666667 0.06645833333333333 0.06610416666666667
3 0.323 0.1848125 0.06731250000000001 0.0675625
6 0.43724999999999997 0.6831041666666666 0.06879166666666667 0.0678125
9 0.07629166666666666 0.8242291666666667 0.059104166666666666 0.0584375
9 0.4487291666666666 0.5722708333333333 0.06597916666666667 0.06322916666666667
0 0.44654166666666667 0.16893750000000002 0.0704375 0.08122916666666667
3 0.8207916666666667 0.5913125 0.058562499999999997 0.057291666666666664
9 0.8037083333333332 0.7041041666666668 0.06310416666666667 0.0584375
2 0.7006875 0.30272916666666666 0.07666666666666666 0.08770833333333333
1 0.8286041666666667 0.1849375 0.08416666666666667 0.09685416666666667
3 0.06189583333333334 0.18456250000000002 0.06952083333333332 0.07183333333333333
8 0.817375 0.453125 0.07793749999999999 0.07629166666666666
7 0.19995833333333335 0.8144583333333333 0.0810625 0.08239583333333332
4 0.5537083333333332 0.050041666666666665 0.080625 0.09827083333333334