3 0.7050833333333333 0.2785625 0.0730625 0.06439583333333333
3 0.8193333333333332 0.432125 0.06927083333333334 0.06383333333333334
3 0.30566666666666664 0.17089583333333333 0.07989583333333333 0.06310416666666667
3 0.17406249999999998 0.18262499999999998 0.0810625 0.06427083333333333
0 0.3405833333333333 0.307375 0.09075000000000001 0.07122916666666666
3 0.06645833333333333 0.18787500000000001 0.08416666666666667 0.06464583333333333
0 0.21277083333333333 0.31224999999999997 0.09204166666666666 0.07104166666666667
9 0.8066458333333333 0.8086041666666667 0.065375 0.060770833333333336
7 0.8207916666666667 0.9126041666666667 0.0966875 0.09075000000000001
11 0.5532291666666667 0.817875 0.08375 0.07275000000000001
9 0.317375 0.557625 0.07793749999999999 0.06310416666666667
9 0.6811458333333333 0.8012708333333334 0.07135416666666666 0.06452083333333333
9 0.578125 0.3125 0.0731875 0.060770833333333336
6 0.4404375 0.7871041666666667 0.08477083333333332 0.06914583333333332
9 0.050812500000000003 0.807125 0.08227083333333333 0.06383333333333334
8 0.6904375 0.6836041666666667 0.091375 0.07160416666666666
1 0.286125 0.058229166666666665 0.11260416666666666 0.08020833333333334
3 0.9453125 0.16833333333333333 0.06635416666666667 0.06256250000000001
5 0.43383333333333335 0.056854166666666664 0.09283333333333334 0.0751875
9 0.9443333333333332 0.6660208333333333 0.06610416666666667 0.0613125