3 0.19470833333333332 0.30566666666666664 0.06635416666666667 0.06708333333333334
3 0.5625 0.302 0.065125 0.06439583333333333
3 0.6870208333333333 0.427 0.0655 0.0628125
4 0.4340833333333334 0.1743125 0.07793749999999999 0.09589583333333333
3 0.44116666666666665 0.4470208333333333 0.06335416666666667 0.06304166666666668
9 0.5737291666666666 0.6889583333333333 0.0623125 0.0613125
9 0.07720833333333334 0.8242291666666667 0.058770833333333335 0.0584375
6 0.43797916666666664 0.6831041666666666 0.07160416666666666 0.07091666666666667
0 0.317375 0.30054166666666665 0.07170833333333333 0.07654166666666667
1 0.8198333333333333 0.18347916666666667 0.08416666666666667 0.09808333333333333
10 0.3234791666666667 0.8164166666666667 0.0778125 0.07531249999999999
2 0.7011666666666667 0.30420833333333336 0.075875 0.0861875
3 0.32445833333333335 0.18456250000000002 0.0676875 0.0680625
9 0.8042083333333333 0.7026458333333333 0.06395833333333333 0.059666666666666666
3 0.06293750000000001 0.1848125 0.0674375 0.0700625
3 0.82275 0.5917916666666667 0.05864583333333333 0.057583333333333334
9 0.19347916666666667 0.8207916666666667 0.06293750000000001 0.06189583333333334
9 0.3251875 0.7094791666666667 0.06110416666666666 0.059000000000000004
9 0.44897916666666665 0.57275 0.06395833333333333 0.06164583333333333
5 0.06585416666666667 0.06210416666666666 0.0730625 0.08660416666666666
7 0.32787499999999997 0.9252916666666666 0.08020833333333334 0.07922916666666667
8 0.8168958333333334 0.4545833333333333 0.07683333333333334 0.072625
11 0.9467708333333333 0.9511666666666667 0.07739583333333333 0.0701875
9 0.7089791666666667 0.5693333333333332 0.06335416666666667 0.059541666666666666