3 0.7958333333333333 0.3111041666666667 0.0944375 0.0694375
3 0.9316458333333333 0.18872916666666667 0.08910416666666668 0.0700625
3 0.6918958333333334 0.18908333333333335 0.091375 0.0705625
3 0.058145833333333334 0.18604166666666666 0.10577083333333334 0.0700625
9 0.9315625 0.8154375 0.09331249999999999 0.06110416666666666
9 0.6845625 0.8164166666666667 0.09589583333333333 0.0680625
9 0.7880833333333332 0.6939166666666666 0.093875 0.06866666666666667
9 0.557125 0.4392083333333333 0.09685416666666667 0.06670833333333334
0 0.6430625 0.06427083333333333 0.11797916666666668 0.08947916666666668
8 0.4018541666666666 0.43016666666666664 0.12987500000000002 0.08989583333333333
3 0.5625 0.17785416666666667 0.09966666666666667 0.07104166666666667
1 0.786625 0.05625 0.14954166666666666 0.10893749999999999
7 0.8139583333333333 0.9394583333333333 0.14539583333333334 0.08283333333333333
5 0.05572916666666667 0.8373958333333333 0.10839583333333333 0.07104166666666667
11 0.16641666666666666 0.07410416666666667 0.13495833333333335 0.090875