3 0.7060625 0.276125 0.0731875 0.06420833333333334
3 0.8198333333333333 0.42993750000000003 0.06927083333333334 0.0628125
1 0.2856458333333334 0.055 0.11010416666666667 0.07708333333333334
3 0.1746875 0.18066666666666667 0.080375 0.06293750000000001
6 0.7231458333333334 0.5483333333333333 0.080625 0.07195833333333333
3 0.0680625 0.18566666666666667 0.08283333333333333 0.06408333333333334
0 0.07183333333333333 0.4172291666666667 0.09741666666666667 0.06914583333333332
3 0.30664583333333334 0.1691875 0.080625 0.06322916666666667
9 0.6816458333333333 0.8002916666666666 0.0701875 0.06335416666666667
0 0.3413125 0.30591666666666667 0.08960416666666667 0.07160416666666666
11 0.5551666666666667 0.8159166666666666 0.08312499999999999 0.0731875
9 0.317875 0.5561458333333333 0.07708333333333334 0.06347916666666667
5 0.4360416666666667 0.05529166666666666 0.09331249999999999 0.07331249999999999
8 0.692875 0.682125 0.0915625 0.07195833333333333
7 0.8222708333333333 0.9165 0.093875 0.08910416666666668
9 0.8081041666666666 0.8061458333333333 0.065 0.059541666666666666
9 0.5791041666666668 0.3100625 0.0731875 0.06177083333333333
3 0.9462916666666668 0.16589583333333333 0.06645833333333333 0.06293750000000001
9 0.05291666666666666 0.8056666666666668 0.08283333333333333 0.06408333333333334
9 0.9457916666666667 0.6635833333333333 0.06464583333333333 0.06085416666666667