0 0.3029791666666667 0.43677083333333333 0.08989583333333333 0.0706875
9 0.5791041666666668 0.4406666666666667 0.07708333333333334 0.06475
3 0.3081041666666666 0.17029166666666665 0.07935416666666667 0.0626875
3 0.8335 0.16699999999999998 0.06731250000000001 0.06164583333333333
9 0.6831041666666666 0.7993125 0.0701875 0.06439583333333333
9 0.942375 0.8090833333333334 0.06383333333333334 0.059000000000000004
9 0.0538125 0.8056666666666668 0.0834375 0.0655
6 0.723625 0.5483333333333333 0.07945833333333334 0.0725
3 0.17589583333333333 0.18114583333333334 0.07904166666666666 0.06256250000000001
3 0.06939583333333334 0.18591666666666665 0.08404166666666667 0.06372916666666667
8 0.6933541666666667 0.682125 0.09252083333333333 0.07275000000000001
3 0.9462916666666668 0.16614583333333333 0.06731250000000001 0.06293750000000001
2 0.5722708333333333 0.557125 0.0881875 0.0751875
1 0.2873541666666667 0.05645833333333334 0.10931249999999999 0.07752083333333333
3 0.6870208333333333 0.17883333333333334 0.0703125 0.06177083333333333
0 0.3408125 0.30591666666666667 0.091375 0.07227083333333333
9 0.8090833333333334 0.807125 0.065 0.0603125
11 0.7119166666666668 0.9409166666666666 0.080375 0.07575
5 0.4406666666666667 0.05664583333333333 0.09320833333333334 0.07341666666666667
9 0.18712499999999999 0.807125 0.08020833333333334 0.06572916666666667
7 0.8457083333333333 0.9340833333333334 0.09485416666666667 0.08587499999999999
11 0.05225 0.9457916666666667 0.09302083333333333 0.07752083333333333
8 0.30054166666666665 0.6713958333333333 0.096375 0.07275000000000001
5 0.9575208333333334 0.04491666666666667 0.07860416666666666 0.072875