5 0.5966875 0.06464583333333333 0.13989583333333336 0.080625
9 0.19518749999999999 0.8164166666666667 0.11358333333333334 0.06622916666666666
0 0.4907291666666667 0.3171458333333333 0.14831249999999999 0.06829166666666667
11 0.08447916666666666 0.92725 0.12914583333333335 0.06585416666666667
5 0.3608333333333333 0.06475 0.1379375 0.08416666666666667
11 0.6962916666666668 0.9594791666666667 0.140625 0.06064583333333333
3 0.22352083333333334 0.4360416666666667 0.11279166666666667 0.06360416666666667
1 0.875 0.059333333333333335 0.20239583333333336 0.09283333333333334
3 0.958 0.1903125 0.08252083333333333 0.06475
3 0.7441458333333333 0.18822916666666664 0.12360416666666667 0.06408333333333334
9 0.8056666666666668 0.8256875 0.10504166666666667 0.0559375
9 0.9511666666666667 0.6782291666666667 0.09331249999999999 0.06189583333333334
7 0.9188333333333334 0.9453125 0.1623541666666667 0.06891666666666667
4 0.5151458333333333 0.5634791666666668 0.17920833333333333 0.07764583333333334
9 0.4665625 0.6967708333333333 0.11779166666666667 0.05664583333333333
3 0.8510833333333333 0.3203125 0.12525 0.06372916666666667
9 0.7299791666666666 0.5835 0.12066666666666667 0.07385416666666668
10 0.9550833333333333 0.5751875 0.08802083333333334 0.09320833333333334
6 0.7461041666666667 0.31152083333333336 0.16102083333333334 0.07752083333333333