9 0.06347916666666667 0.7089791666666667 0.0861875 0.06816666666666667
3 0.31275000000000003 0.17054166666666667 0.07860416666666666 0.0680625
3 0.8032291666666667 0.18835416666666666 0.06622916666666666 0.06097916666666667
6 0.43702083333333336 0.5463958333333333 0.08910416666666668 0.07208333333333333
3 0.9370208333333333 0.32616666666666666 0.06720833333333333 0.06164583333333333
5 0.6933541666666667 0.049875 0.0886875 0.0785
3 0.18127083333333335 0.17114583333333336 0.0810625 0.06731250000000001
1 0.792 0.0575 0.09979166666666667 0.0935
9 0.6879791666666667 0.792 0.06879166666666667 0.0655
9 0.4311458333333333 0.7119166666666668 0.07135416666666666 0.057374999999999995
11 0.06452083333333333 0.9155208333333333 0.10504166666666667 0.07464583333333333
3 0.05654166666666667 0.1691875 0.07641666666666666 0.06420833333333334
5 0.9370208333333333 0.4436041666666667 0.07764583333333334 0.0676875
7 0.5488333333333333 0.8110416666666667 0.1043125 0.07610416666666667
9 0.30493750000000003 0.5463958333333333 0.08539583333333334 0.06525