1 0.9233333333333333 0.20654166666666668 0.0935 0.0863125
5 0.6811458333333333 0.4484791666666667 0.08739583333333334 0.07208333333333333
3 0.8056666666666668 0.198125 0.06841666666666667 0.059208333333333335
3 0.2839375 0.4189375 0.07977083333333333 0.0655
9 0.30272916666666666 0.55225 0.07641666666666666 0.065
3 0.17139583333333333 0.3002916666666666 0.0751875 0.06383333333333334
3 0.9394583333333333 0.3376458333333333 0.06622916666666666 0.06177083333333333
3 0.057583333333333334 0.17760416666666667 0.08008333333333333 0.0674375
9 0.06464583333333333 0.5761666666666667 0.0833125 0.06731250000000001
7 0.17310416666666667 0.4252916666666666 0.11633333333333334 0.07793749999999999
6 0.8110416666666667 0.9389583333333333 0.0731875 0.0624375