3 0.28077083333333336 0.4194375 0.07739583333333333 0.06645833333333333
3 0.8042083333333333 0.197875 0.06610416666666667 0.06085416666666667
3 0.05697916666666667 0.17541666666666667 0.08020833333333334 0.06347916666666667
3 0.9389583333333333 0.33716666666666667 0.06585416666666667 0.0613125
3 0.17114583333333336 0.30054166666666665 0.07793749999999999 0.06304166666666668
1 0.7944375 0.06622916666666666 0.10125 0.094
9 0.06383333333333334 0.7153333333333334 0.08464583333333334 0.06927083333333334
5 0.6806666666666668 0.4484791666666667 0.0861875 0.07104166666666667
6 0.8105416666666667 0.9379791666666667 0.07477083333333333 0.06164583333333333
9 0.30566666666666664 0.5532291666666667 0.08166666666666668 0.06383333333333334
7 0.1735833333333333 0.4252916666666666 0.11218750000000001 0.07793749999999999