3 0.06164583333333333 0.18641666666666667 0.06720833333333333 0.0731875
0 0.6962916666666668 0.049875 0.072875 0.08802083333333334
5 0.9448333333333333 0.0545 0.07922916666666667 0.0856875
3 0.82325 0.18029166666666668 0.06197916666666667 0.06335416666666667
3 0.6909166666666666 0.17750000000000002 0.06560416666666666 0.06408333333333334
10 0.4401875 0.9355416666666667 0.07891666666666668 0.075875
9 0.07610416666666667 0.8237291666666666 0.0624375 0.0611875
3 0.9467708333333333 0.1799375 0.0624375 0.06427083333333333
3 0.432625 0.18445833333333334 0.06372916666666667 0.06525
3 0.18041666666666664 0.18262499999999998 0.06610416666666667 0.0674375
3 0.32227083333333334 0.18456250000000002 0.06585416666666667 0.06708333333333334
3 0.567875 0.1799375 0.06560416666666666 0.06670833333333334
7 0.5644583333333333 0.9379791666666667 0.08252083333333333 0.078375
9 0.6914166666666667 0.8168958333333334 0.0628125 0.059333333333333335
9 0.32129166666666664 0.8188541666666667 0.06189583333333334 0.06020833333333333
9 0.5786041666666667 0.807125 0.0626875 0.06222916666666667
9 0.9296875 0.8256875 0.07170833333333333 0.06829166666666667
9 0.4328541666666667 0.8066458333333333 0.06866666666666667 0.06408333333333334
9 0.19335416666666666 0.8203125 0.06293750000000001 0.06064583333333333
6 0.3171458333333333 0.9438541666666667 0.07964583333333333 0.07331249999999999
6 0.692375 0.9399375 0.07331249999999999 0.07147916666666668
2 0.82325 0.047 0.07366666666666667 0.09320833333333334
5 0.06310416666666667 0.06360416666666667 0.07227083333333333 0.089125
8 0.19677083333333334 0.9404375 0.07183333333333333 0.0699375
4 0.42260416666666667 0.05175 0.0805 0.09979166666666667
8 0.8115208333333332 0.9462916666666668 0.07433333333333333 0.0778125
11 0.07208333333333333 0.9370208333333333 0.07610416666666667 0.06879166666666667
2 0.17920833333333333 0.05283333333333333 0.08008333333333333 0.09570833333333333
0 0.30993750000000003 0.05397916666666667 0.07435416666666667 0.08597916666666668
1 0.5507916666666667 0.05260416666666667 0.07891666666666668 0.1019375
11 0.9282291666666667 0.9521458333333332 0.08375 0.07452083333333334
9 0.80225 0.8159166666666666 0.0603125 0.05835416666666667