6 0.7109375 0.5737291666666666 0.0778125 0.0725
5 0.06572916666666667 0.06020833333333333 0.07239583333333334 0.08508333333333334
3 0.6938541666666667 0.177375 0.06622916666666666 0.06622916666666666
3 0.06408333333333334 0.18370833333333333 0.0675625 0.0704375
2 0.182375 0.051854166666666666 0.078375 0.09552083333333333
3 0.182375 0.18164583333333334 0.06585416666666667 0.06720833333333333
3 0.442375 0.44556250000000003 0.06585416666666667 0.065
6 0.6953125 0.9404375 0.07410416666666667 0.07341666666666667
3 0.8256875 0.17883333333333334 0.0623125 0.06427083333333333
3 0.32397916666666665 0.18420833333333334 0.0676875 0.06731250000000001
7 0.5649375 0.9389583333333333 0.08197916666666667 0.07860416666666666
8 0.8120208333333333 0.9462916666666668 0.07122916666666666 0.07708333333333334
9 0.5805625 0.8061458333333333 0.06475 0.06110416666666666
1 0.5532291666666667 0.05175 0.07879166666666666 0.1015625
9 0.4501875 0.5717708333333333 0.0706875 0.06572916666666667
3 0.9497083333333334 0.17920833333333333 0.06452083333333333 0.06670833333333334
10 0.4404375 0.9350625 0.07793749999999999 0.07666666666666666
3 0.5639583333333333 0.3015208333333333 0.06439583333333333 0.06360416666666667
0 0.31445833333333334 0.05225 0.07195833333333333 0.08600000000000001
9 0.32275 0.817875 0.06222916666666667 0.06041666666666667
8 0.19677083333333334 0.9399375 0.06927083333333334 0.06891666666666667
9 0.07806249999999999 0.8237291666666666 0.06372916666666667 0.0624375
9 0.19347916666666667 0.8198333333333333 0.06210416666666666 0.05975
0 0.6997083333333334 0.050895833333333335 0.0755625 0.08416666666666667
9 0.9292083333333333 0.8256875 0.0674375 0.06525
9 0.8037083333333332 0.8144583333333333 0.0626875 0.059541666666666666
11 0.07531249999999999 0.9360416666666667 0.07433333333333333 0.06902083333333334
9 0.692875 0.8159166666666666 0.06475 0.060770833333333336
11 0.9277291666666667 0.9516666666666667 0.07904166666666666 0.07597916666666667
4 0.42383333333333334 0.05072916666666667 0.0808125 0.09966666666666667