9 0.5291666666666667 0.41318750000000004 0.10833333333333334 0.07083333333333333
11 0.5575416666666667 0.9438541666666667 0.1223125 0.07531249999999999
10 0.5136666666666667 0.5532291666666667 0.14245833333333333 0.0778125
9 0.6806666666666668 0.8183541666666667 0.09418750000000001 0.06708333333333334
0 0.4069375 0.8139583333333333 0.13658333333333333 0.07170833333333333
9 0.04672916666666667 0.8002916666666666 0.09204166666666666 0.06427083333333333
9 0.7998125 0.8056666666666668 0.08910416666666668 0.06383333333333334
11 0.06408333333333334 0.9589791666666667 0.12816666666666668 0.0700625
8 0.18814583333333335 0.9711875 0.13945833333333332 0.057374999999999995
9 0.15612499999999999 0.8159166666666666 0.10175000000000001 0.0628125
7 0.8154375 0.9370208333333333 0.140875 0.08416666666666667
3 0.058229166666666665 0.18737499999999999 0.10320833333333333 0.06964583333333334
3 0.5629791666666667 0.17785416666666667 0.09754166666666667 0.0678125
0 0.7895416666666667 0.18285416666666665 0.10991666666666666 0.0810625
5 0.1643125 0.04135416666666667 0.12829166666666666 0.08270833333333334
9 0.9296875 0.8149375 0.08375 0.06152083333333334
3 0.7973541666666667 0.31297916666666664 0.0855625 0.06408333333333334
5 0.6708958333333332 0.049958333333333334 0.12041666666666666 0.0910625
4 0.401375 0.04733333333333333 0.15283333333333332 0.09270833333333334
1 0.7885833333333333 0.05645833333333334 0.14660416666666667 0.10633333333333334
3 0.9311458333333333 0.18847916666666667 0.0883125 0.06902083333333334
3 0.6881458333333333 0.18197916666666666 0.09504166666666666 0.074625
2 0.3958333333333333 0.5527708333333333 0.1305625 0.08333333333333333