9 0.5604166666666667 0.44443750000000004 0.10693749999999999 0.07222916666666666
9 0.9340833333333334 0.8149375 0.10339583333333334 0.06525
11 0.5399791666666667 0.713875 0.14610416666666665 0.0706875
9 0.6831041666666666 0.817375 0.09856250000000001 0.06464583333333333
8 0.41820833333333335 0.8105416666666667 0.14733333333333334 0.07575
9 0.7993125 0.8051666666666667 0.08979166666666667 0.0628125
6 0.40302083333333333 0.5683541666666667 0.13010416666666666 0.0731875
11 0.14647916666666666 0.057916666666666665 0.13025 0.09204166666666666
9 0.04733333333333333 0.80175 0.09235416666666667 0.06322916666666667
7 0.8145208333333334 0.9432083333333333 0.14441666666666667 0.08135416666666666
3 0.7993125 0.31322916666666667 0.08647916666666666 0.06420833333333334
3 0.5620208333333333 0.1796875 0.09618750000000001 0.0679375
3 0.057708333333333334 0.18737499999999999 0.10375 0.0699375
0 0.7876041666666667 0.18408333333333332 0.11029166666666666 0.08008333333333333
2 0.27929166666666666 0.5595625 0.13391666666666666 0.0730625
3 0.9301666666666667 0.18895833333333334 0.08979166666666667 0.06866666666666667
1 0.786625 0.05602083333333333 0.15002083333333335 0.10741666666666667
3 0.6918958333333334 0.18908333333333335 0.08947916666666668 0.06854166666666667
5 0.6704166666666667 0.0493125 0.11858333333333333 0.09235416666666667