5 0.29614583333333333 0.0414375 0.12987500000000002 0.08285416666666667
3 0.6723541666666667 0.17139583333333333 0.09368749999999999 0.06635416666666667
4 0.2673333333333333 0.17639583333333334 0.14904166666666668 0.093875
0 0.05370833333333334 0.29491666666666666 0.10722916666666667 0.0751875
3 0.9252916666666666 0.17627083333333332 0.08770833333333333 0.06610416666666667
8 0.4063541666666667 0.8105416666666667 0.14633333333333332 0.0731875
3 0.5288125 0.2995625 0.09997916666666667 0.06683333333333333
9 0.9243125 0.8012708333333334 0.08897916666666666 0.0680625
5 0.059666666666666666 0.0439375 0.1175625 0.0855625
3 0.41358333333333336 0.4357916666666667 0.09283333333333334 0.05864583333333333
0 0.42260416666666667 0.30835416666666665 0.12512500000000001 0.07575
11 0.0624375 0.9389583333333333 0.1223125 0.07597916666666667
11 0.6630833333333332 0.7026458333333333 0.10991666666666666 0.06902083333333334
2 0.6660208333333333 0.30054166666666665 0.12547916666666667 0.07433333333333333
7 0.7821041666666667 0.9311458333333333 0.14881250000000001 0.07891666666666668
9 0.42162499999999997 0.5659166666666666 0.09856250000000001 0.06731250000000001
8 0.5424166666666667 0.4418958333333334 0.13439583333333335 0.07825
6 0.2954166666666667 0.8134791666666668 0.13843750000000002 0.0678125
9 0.80225 0.5542083333333333 0.09039583333333333 0.0584375
6 0.9028333333333334 0.5751875 0.11418750000000001 0.07531249999999999
3 0.05572916666666667 0.43797916666666664 0.1045 0.06395833333333333
9 0.29564583333333333 0.7041041666666668 0.09947916666666666 0.065125
3 0.8061458333333333 0.29712500000000003 0.08947916666666668 0.0655
10 0.9072291666666668 0.6904375 0.13183333333333333 0.0755625
9 0.6713958333333333 0.5644583333333333 0.0935 0.06670833333333334
2 0.41431250000000003 0.1691875 0.12445833333333334 0.07806249999999999
9 0.05260416666666667 0.8090833333333334 0.09966666666666667 0.06189583333333334
1 0.7773541666666667 0.051854166666666666 0.14539583333333334 0.1014375