0 0.3029791666666667 0.051666666666666666 0.09770833333333333 0.0705625
2 0.7939375 0.056854166666666664 0.07752083333333333 0.07183333333333333
2 0.17566666666666667 0.06222916666666667 0.10016666666666667 0.0751875
4 0.431875 0.06189583333333334 0.11279166666666667 0.07531249999999999
3 0.921875 0.17675000000000002 0.0680625 0.06222916666666667
3 0.4497083333333334 0.1796875 0.07135416666666666 0.06189583333333334
9 0.9510833333333333 0.8034166666666667 0.07460416666666667 0.06970833333333333
1 0.5400416666666668 0.06197916666666667 0.10760416666666667 0.07575
0 0.6782291666666667 0.0479375 0.08929166666666667 0.07227083333333333
5 0.0611875 0.04083333333333334 0.0614375 0.0703125
5 0.9277291666666667 0.065125 0.08227083333333333 0.07135416666666666
3 0.21141666666666667 0.18420833333333334 0.07341666666666667 0.05541666666666667
3 0.6855416666666667 0.1857916666666667 0.06902083333333334 0.058562499999999997
9 0.07752083333333333 0.82325 0.0856875 0.06866666666666667
11 0.9492291666666667 0.9409166666666666 0.07477083333333333 0.07477083333333333
3 0.3466875 0.17149999999999999 0.072625 0.06420833333333334
3 0.8061458333333333 0.166625 0.07170833333333333 0.06372916666666667
9 0.17750000000000002 0.8183541666666667 0.07977083333333333 0.0655
9 0.44458333333333333 0.807125 0.07720833333333334 0.06964583333333334
9 0.8046875 0.8183541666666667 0.0623125 0.059208333333333335
3 0.5659166666666666 0.43945833333333334 0.0680625 0.059416666666666666
7 0.5463958333333333 0.9433541666666667 0.10302083333333334 0.09754166666666667
9 0.6889583333333333 0.8168958333333334 0.07806249999999999 0.0679375
6 0.2934583333333334 0.9160208333333333 0.09172916666666667 0.07122916666666666
6 0.6855416666666667 0.9511666666666667 0.0808125 0.07945833333333334
8 0.18737499999999999 0.9336041666666667 0.08197916666666667 0.0730625
3 0.058562499999999997 0.19974999999999998 0.07433333333333333 0.0671875
8 0.6840833333333334 0.6855416666666667 0.0856875 0.07239583333333334
9 0.5537083333333332 0.5590833333333334 0.06816666666666667 0.0623125
9 0.31224999999999997 0.8090833333333334 0.080375 0.06439583333333333
10 0.4551875 0.9519166666666667 0.11027083333333333 0.09618750000000001