3 0.05625 0.1881875 0.10693749999999999 0.07916666666666666
11 0.16135416666666666 0.19647916666666668 0.13360416666666666 0.08266666666666667
3 0.6902083333333333 0.18737499999999999 0.10089583333333334 0.07708333333333334
3 0.7973541666666667 0.31202083333333336 0.08660416666666666 0.065125
3 0.9316458333333333 0.1892083333333333 0.08929166666666667 0.0700625
9 0.7880833333333332 0.6939166666666666 0.09252083333333333 0.06891666666666667
9 0.9296041666666667 0.8154375 0.09204166666666666 0.0626875
9 0.6785833333333334 0.8193333333333332 0.0996875 0.06829166666666667
5 0.5352291666666668 0.8193333333333332 0.1234375 0.0701875
8 0.28991666666666666 0.3029791666666667 0.12904166666666667 0.0856875
0 0.6408541666666667 0.06439583333333333 0.124125 0.08989583333333333
7 0.8144583333333333 0.9409166666666666 0.14366666666666666 0.08020833333333334
1 0.7589583333333334 0.20404166666666665 0.16616666666666668 0.11597916666666667