9 0.9301666666666667 0.8168958333333334 0.09125 0.06110416666666666
7 0.6435625 0.9414166666666667 0.15052083333333333 0.080375
1 0.7876041666666667 0.05375 0.14635416666666667 0.10747916666666667
9 0.7895416666666667 0.6967708333333333 0.091375 0.06695833333333333
3 0.0626875 0.4421458333333333 0.1039375 0.06720833333333333
11 0.41172916666666665 0.4516666666666667 0.1231875 0.0751875
8 0.5253958333333333 0.32275 0.12445833333333334 0.08312499999999999
3 0.9179791666666667 0.4282291666666667 0.08789583333333333 0.06420833333333334
3 0.7973541666666667 0.3146875 0.08587499999999999 0.0626875
9 0.6801666666666667 0.8198333333333333 0.0966875 0.06891666666666667
5 0.2927708333333333 0.8125 0.12772916666666667 0.06841666666666667
0 0.30566666666666664 0.682125 0.12914583333333335 0.06720833333333333