3 0.1796875 0.17810416666666665 0.083 0.06670833333333334
3 0.8037083333333332 0.197875 0.06635416666666667 0.060770833333333336
5 0.6787083333333332 0.44825 0.08770833333333333 0.07160416666666666
6 0.8095625 0.9379791666666667 0.07422916666666667 0.0626875
9 0.30370833333333336 0.5537083333333332 0.07891666666666668 0.06427083333333333
9 0.06210416666666666 0.7153333333333334 0.08789583333333333 0.06816666666666667
3 0.05664583333333333 0.1779791666666667 0.07989583333333333 0.06347916666666667
1 0.7944375 0.06708333333333334 0.10229166666666667 0.09435416666666667
3 0.9384791666666668 0.3376458333333333 0.065125 0.06189583333333334
3 0.28125 0.4189375 0.07945833333333334 0.06610416666666667
7 0.17333333333333334 0.4262708333333334 0.11145833333333334 0.07806249999999999