9 0.19543750000000001 0.7026458333333333 0.06085416666666667 0.06020833333333333
3 0.6884791666666668 0.4252916666666666 0.06983333333333334 0.0674375
3 0.20264583333333333 0.5615208333333332 0.06939583333333334 0.06914583333333332
9 0.7065416666666666 0.5654375 0.0614375 0.065
9 0.45360416666666664 0.5698333333333333 0.0626875 0.06560416666666666
3 0.82275 0.5908125 0.059416666666666666 0.059104166666666666
3 0.0676875 0.6987291666666666 0.06635416666666667 0.06622916666666666
7 0.21008333333333334 0.9355416666666667 0.07610416666666667 0.07629166666666666
6 0.3251875 0.5728333333333333 0.07183333333333333 0.07227083333333333
9 0.8037083333333332 0.7026458333333333 0.06293750000000001 0.060770833333333336
0 0.567875 0.338875 0.07239583333333334 0.07683333333333334
2 0.69825 0.31177083333333333 0.08122916666666667 0.08135416666666666
1 0.8291041666666668 0.1848125 0.08527083333333334 0.09979166666666667
10 0.19945833333333332 0.16345833333333332 0.0755625 0.09466666666666666
4 0.44116666666666665 0.8261666666666667 0.07964583333333333 0.08154166666666667