1 0.7880833333333332 0.05260416666666667 0.14660416666666667 0.1051875
7 0.6464791666666667 0.9427291666666666 0.14416666666666667 0.08391666666666667
9 0.6806666666666668 0.817875 0.09435416666666667 0.06658333333333334
5 0.29320833333333335 0.8115208333333332 0.12829166666666666 0.06927083333333334
3 0.9184583333333334 0.4279791666666667 0.0883125 0.06335416666666667
9 0.7871041666666667 0.6967708333333333 0.0886875 0.06683333333333333
0 0.2907708333333333 0.43652083333333336 0.13158333333333333 0.07477083333333333
9 0.9282291666666667 0.8154375 0.0885 0.06152083333333334
3 0.7973541666666667 0.31347916666666664 0.08710416666666668 0.06408333333333334
3 0.06304166666666668 0.4399375 0.1043125 0.06622916666666666
8 0.5229583333333333 0.32397916666666665 0.1223125 0.08179166666666667
11 0.6962916666666668 0.5683541666666667 0.10797916666666667 0.0755625