9 0.5548541666666666 0.44097916666666664 0.10416666666666667 0.07083333333333333
9 0.7880833333333332 0.6943333333333332 0.08989583333333333 0.06572916666666667
9 0.6834583333333334 0.817875 0.09864583333333334 0.065375
9 0.9296875 0.8144583333333333 0.08375 0.06152083333333334
3 0.05514583333333333 0.1865625 0.1058125 0.07120833333333333
3 0.5615208333333332 0.17895833333333336 0.09466666666666666 0.06841666666666667
3 0.9306666666666668 0.18860416666666666 0.0881875 0.06952083333333332
3 0.796875 0.31177083333333333 0.0856875 0.06439583333333333
0 0.6419583333333333 0.064875 0.11970833333333333 0.08897916666666666
11 0.16722916666666665 0.0731875 0.1305 0.0910625
5 0.05404166666666667 0.8373958333333333 0.10806249999999999 0.07091666666666667
8 0.3984166666666667 0.43066666666666664 0.1362708333333333 0.08947916666666668
7 0.8144583333333333 0.9404375 0.13939583333333333 0.08435416666666667
1 0.7566875 0.19672916666666668 0.1549375 0.1085
3 0.6883750000000001 0.18972916666666664 0.09879166666666667 0.07872916666666667