3 0.5629791666666667 0.30272916666666666 0.06475 0.06408333333333334
3 0.6879791666666667 0.42772916666666666 0.06439583333333333 0.06197916666666667
0 0.4470208333333333 0.16991666666666666 0.06983333333333334 0.080625
3 0.44164583333333335 0.44727083333333334 0.0626875 0.06293750000000001
9 0.19483333333333333 0.7045833333333333 0.05864583333333333 0.058020833333333334
7 0.2006875 0.8168958333333334 0.08166666666666668 0.07764583333333334
8 0.8154375 0.4553125 0.07531249999999999 0.07366666666666667
6 0.43872916666666667 0.6840833333333334 0.07183333333333333 0.07079166666666666
9 0.32910416666666664 0.7109375 0.06085416666666667 0.059541666666666666
4 0.5546875 0.050895833333333335 0.07935416666666667 0.09827083333333334
3 0.19493749999999999 0.3061458333333333 0.06585416666666667 0.06708333333333334
10 0.5791041666666668 0.8115208333333332 0.07597916666666667 0.07502083333333333
9 0.7085 0.5683541666666667 0.06427083333333333 0.06347916666666667
3 0.3249583333333333 0.18591666666666665 0.0675625 0.06927083333333334
9 0.4497083333333334 0.57275 0.06560416666666666 0.06304166666666668
9 0.08477083333333332 0.57325 0.057708333333333334 0.057291666666666664
9 0.5737291666666666 0.6909166666666666 0.06360416666666667 0.0611875
3 0.82275 0.5922916666666667 0.058562499999999997 0.057187499999999995
2 0.7021458333333332 0.30345833333333333 0.0778125 0.09008333333333333
1 0.8295833333333333 0.1857916666666667 0.08587499999999999 0.09754166666666667
3 0.06572916666666667 0.4514166666666667 0.0675625 0.06610416666666667
9 0.8046875 0.7036041666666667 0.065375 0.060520833333333336