2 0.7954166666666667 0.05664583333333333 0.07752083333333333 0.07239583333333334
9 0.8051666666666667 0.8183541666666667 0.06293750000000001 0.06020833333333333
8 0.8046875 0.9414166666666667 0.0856875 0.0856875
6 0.6870208333333333 0.9506875 0.08477083333333332 0.0808125
1 0.5400416666666668 0.06197916666666667 0.09966666666666667 0.0778125
7 0.546875 0.9453125 0.10541666666666667 0.096
9 0.07683333333333334 0.82325 0.07964583333333333 0.06927083333333334
9 0.44483333333333336 0.8066458333333333 0.0810625 0.07239583333333334
11 0.050333333333333334 0.953125 0.09485416666666667 0.083
9 0.6914166666666667 0.8144583333333333 0.07385416666666668 0.0730625
3 0.6860416666666667 0.18627083333333333 0.06914583333333332 0.059208333333333335
9 0.31297916666666664 0.8115208333333332 0.07904166666666666 0.06475
9 0.9550833333333333 0.8007916666666667 0.07597916666666667 0.07575
8 0.18591666666666665 0.9399375 0.09722916666666667 0.08960416666666667
3 0.921875 0.17639583333333334 0.06927083333333334 0.06347916666666667
0 0.3032291666666667 0.052333333333333336 0.09966666666666667 0.07331249999999999
10 0.45410416666666664 0.9516666666666667 0.10839583333333333 0.09302083333333333
3 0.557125 0.18604166666666666 0.07104166666666667 0.059958333333333336
0 0.6762708333333334 0.047875 0.08679166666666666 0.07079166666666666
3 0.4499583333333333 0.1799375 0.0730625 0.06310416666666667
9 0.17566666666666667 0.8168958333333334 0.07695833333333332 0.07477083333333333
5 0.92725 0.06645833333333333 0.08270833333333334 0.07208333333333333
4 0.42554166666666665 0.059875 0.11127083333333333 0.07610416666666667
6 0.29333333333333333 0.9165 0.096875 0.07720833333333334
3 0.807625 0.16808333333333333 0.07135416666666666 0.06322916666666667
3 0.21204166666666666 0.18554166666666666 0.0731875 0.05697916666666667
5 0.060770833333333336 0.04114583333333333 0.0626875 0.06914583333333332
11 0.9472708333333333 0.9365208333333332 0.07531249999999999 0.08283333333333333
3 0.3459375 0.17102083333333334 0.0751875 0.06708333333333334
3 0.059416666666666666 0.19641666666666666 0.07422916666666667 0.07708333333333334
2 0.1779791666666667 0.06189583333333334 0.104125 0.08252083333333333
9 0.5561458333333333 0.5595625 0.07502083333333333 0.06427083333333333