3 0.5542083333333333 0.17822916666666666 0.07575 0.0626875
3 0.317625 0.16210416666666666 0.07935416666666667 0.06597916666666667
9 0.44629166666666664 0.8046875 0.0725 0.06464583333333333
3 0.8315416666666666 0.17810416666666665 0.0700625 0.06427083333333333
3 0.6845625 0.18066666666666667 0.06939583333333334 0.0623125
3 0.432375 0.17627083333333332 0.06983333333333334 0.05664583333333333
2 0.8027291666666667 0.05389583333333334 0.075875 0.07708333333333334
3 0.05975 0.17675000000000002 0.08477083333333332 0.06452083333333333
3 0.17406249999999998 0.18272916666666666 0.07879166666666666 0.06322916666666667
5 0.9487291666666666 0.039125 0.08252083333333333 0.07433333333333333
9 0.19897916666666668 0.8256875 0.08197916666666667 0.06927083333333334
11 0.047875 0.9418958333333334 0.093875 0.08691666666666667
3 0.9663125 0.18262499999999998 0.06427083333333333 0.06383333333333334
9 0.682125 0.80225 0.0700625 0.06597916666666667
9 0.060083333333333336 0.786625 0.07989583333333333 0.06372916666666667
0 0.6967708333333333 0.0355 0.0808125 0.0704375
7 0.5219791666666667 0.9516666666666667 0.10485416666666666 0.09283333333333334
1 0.5605416666666667 0.04083333333333334 0.10108333333333334 0.07641666666666666
6 0.6884791666666668 0.911625 0.080625 0.075875
6 0.2922291666666667 0.9433541666666667 0.08252083333333333 0.06427083333333333
0 0.2907708333333333 0.06420833333333334 0.09368749999999999 0.07135416666666666
9 0.296875 0.7978541666666668 0.07452083333333334 0.06064583333333333
5 0.05175 0.06670833333333334 0.09589583333333333 0.07227083333333333
4 0.4340833333333334 0.045875 0.11218750000000001 0.07904166666666666
8 0.8188541666666667 0.9199166666666667 0.08802083333333334 0.08679166666666666
9 0.5395416666666667 0.7973541666666667 0.0703125 0.0613125
10 0.3945416666666667 0.932625 0.10614583333333334 0.09204166666666666
9 0.8081041666666666 0.8081041666666666 0.06645833333333333 0.060520833333333336
9 0.9399375 0.8144583333333333 0.0675625 0.06310416666666667
8 0.17041666666666666 0.9292083333333333 0.09270833333333334 0.08447916666666666
2 0.17760416666666667 0.06695833333333333 0.09027083333333333 0.072625
11 0.9570416666666667 0.932125 0.07629166666666666 0.07597916666666667