8 0.6517291666666666 0.5639583333333333 0.12520833333333334 0.08154166666666667
0 0.3063958333333333 0.682625 0.13025 0.06695833333333333
9 0.7871041666666667 0.69775 0.09058333333333332 0.06658333333333334
9 0.6816458333333333 0.8203125 0.09270833333333334 0.06585416666666667
7 0.6455 0.9414166666666667 0.14856250000000001 0.07945833333333334
9 0.9287083333333332 0.8168958333333334 0.0861875 0.06152083333333334
1 0.6577083333333333 0.17227083333333332 0.15125 0.1064375
3 0.9189375 0.42845833333333333 0.0885 0.06452083333333333
3 0.7978541666666668 0.3151875 0.08660416666666666 0.06347916666666667
11 0.41772916666666665 0.05633333333333333 0.124625 0.09185416666666667
3 0.06560416666666666 0.5639583333333333 0.10175000000000001 0.06427083333333333
5 0.29304166666666664 0.8139583333333333 0.13491666666666668 0.06841666666666667