6 0.290375 0.8153541666666667 0.1323125 0.07577083333333333
9 0.4194375 0.567875 0.09618750000000001 0.0678125
2 0.4108958333333333 0.17139583333333333 0.12914583333333335 0.078375
4 0.2659375 0.1760625 0.15402083333333336 0.09858333333333333
0 0.051395833333333335 0.2986666666666667 0.10279166666666667 0.07622916666666667
2 0.6630833333333332 0.30175 0.12572916666666667 0.07464583333333333
0 0.42114583333333333 0.3098125 0.12633333333333333 0.0754375
9 0.6708958333333332 0.5668958333333334 0.09466666666666666 0.06439583333333333
11 0.0603125 0.9425208333333334 0.11395833333333334 0.07947916666666667
9 0.17675000000000002 0.8061458333333333 0.10033333333333333 0.06304166666666668
3 0.6694375 0.172125 0.09222916666666667 0.06658333333333334
3 0.05429166666666666 0.43945833333333334 0.10285416666666666 0.06439583333333333
3 0.525875 0.3007916666666667 0.0989375 0.06683333333333333
3 0.9243125 0.17760416666666667 0.08989583333333333 0.06658333333333334
9 0.051666666666666666 0.8115208333333332 0.10089583333333334 0.06525
3 0.8056666666666668 0.177125 0.09447916666666667 0.0699375
9 0.7963958333333333 0.8046875 0.08587499999999999 0.0575
9 0.29029166666666667 0.6992291666666667 0.09770833333333333 0.059666666666666666
5 0.059000000000000004 0.04554166666666667 0.1145625 0.08770833333333333
8 0.5411666666666667 0.44164583333333335 0.13164583333333332 0.07666666666666666
10 0.6456458333333334 0.6866458333333333 0.13843750000000002 0.0788125
3 0.411875 0.4375 0.091375 0.0584375
11 0.9257916666666667 0.9262708333333334 0.10633333333333334 0.06914583333333332
9 0.9248125 0.80225 0.09302083333333333 0.06891666666666667
3 0.15479166666666666 0.29614583333333333 0.09874999999999999 0.0655
6 0.9004583333333334 0.5766666666666667 0.11270833333333334 0.07410416666666667
7 0.5322291666666666 0.9336041666666667 0.16210416666666666 0.08122916666666667
8 0.40685416666666663 0.8129791666666667 0.136 0.07195833333333333
5 0.6840833333333334 0.04077083333333333 0.12104166666666667 0.08135416666666666
1 0.7763125 0.052520833333333336 0.14427083333333332 0.0989375