3 0.9394583333333333 0.32689583333333333 0.06708333333333334 0.06210416666666666
3 0.8056666666666668 0.18835416666666666 0.06560416666666666 0.05975
5 0.9277291666666667 0.69775 0.07666666666666666 0.06708333333333334
9 0.6870208333333333 0.7915 0.0701875 0.0626875
3 0.18347916666666667 0.17139583333333333 0.08122916666666667 0.06731250000000001
6 0.3090833333333334 0.6953125 0.091375 0.07935416666666667
7 0.4357916666666667 0.8095625 0.11066666666666666 0.07695833333333332
9 0.06645833333333333 0.7094791666666667 0.08179166666666667 0.06585416666666667
1 0.7949166666666667 0.05633333333333333 0.1015625 0.096375
9 0.30591666666666667 0.546875 0.08020833333333334 0.06645833333333333
9 0.4343333333333333 0.7119166666666668 0.07183333333333333 0.059000000000000004
3 0.05864583333333333 0.1691875 0.08283333333333333 0.06452083333333333
3 0.28172916666666664 0.411625 0.078375 0.06597916666666667
11 0.67725 0.942375 0.08710416666666668 0.06983333333333334
5 0.5668958333333334 0.050333333333333334 0.07964583333333333 0.083625