3 0.5639583333333333 0.30420833333333336 0.065375 0.06427083333333333
10 0.8183541666666667 0.8105416666666667 0.08283333333333333 0.07531249999999999
3 0.6879791666666667 0.42895833333333333 0.065125 0.06164583333333333
3 0.317375 0.296875 0.06452083333333333 0.06560416666666666
2 0.6738333333333333 0.32764583333333336 0.07904166666666666 0.07720833333333334
9 0.19579166666666667 0.7055625 0.058562499999999997 0.057291666666666664
3 0.442375 0.4487291666666666 0.06304166666666668 0.06189583333333334
0 0.44727083333333334 0.17139583333333333 0.06964583333333334 0.080625
8 0.8168958333333334 0.45727083333333335 0.07610416666666667 0.072875
7 0.20385416666666664 0.8168958333333334 0.08227083333333333 0.08093750000000001
9 0.32837500000000003 0.7109375 0.06256250000000001 0.059416666666666666
6 0.43945833333333334 0.6850625 0.06891666666666667 0.06841666666666667
1 0.8300833333333333 0.18664583333333334 0.0855625 0.09770833333333333
3 0.82275 0.5932708333333333 0.059000000000000004 0.057791666666666665
9 0.5737291666666666 0.6918958333333334 0.06177083333333333 0.0624375
3 0.0655 0.45360416666666664 0.06891666666666667 0.06658333333333334
9 0.7070416666666667 0.57325 0.06439583333333333 0.057187499999999995
9 0.4501875 0.57325 0.0680625 0.06439583333333333
9 0.8042083333333333 0.7055625 0.0628125 0.059104166666666666
9 0.20508333333333334 0.4340833333333334 0.058562499999999997 0.05835416666666667
4 0.9262708333333334 0.052708333333333336 0.09125 0.10175000000000001