9 0.9462916666666668 0.6748125 0.10175000000000001 0.06222916666666667
10 0.7368125 0.6938541666666667 0.18297916666666666 0.0706875
5 0.0623125 0.06347916666666667 0.1223125 0.08312499999999999
7 0.8408125 0.9526458333333333 0.18775 0.07739583333333333
6 0.36766666666666664 0.5483333333333333 0.15075 0.07275000000000001
3 0.0676875 0.20470833333333335 0.11102083333333333 0.07366666666666667
3 0.7368125 0.3154375 0.12104166666666667 0.06189583333333334
9 0.338625 0.8378958333333333 0.11658333333333333 0.0623125
9 0.7018125000000001 0.8110416666666667 0.1231875 0.065125
2 0.20104166666666667 0.048666666666666664 0.14758333333333334 0.08093750000000001
11 0.6870208333333333 0.9550833333333333 0.13708333333333333 0.06041666666666667
3 0.9497083333333334 0.18822916666666664 0.09552083333333333 0.06475
6 0.3303125 0.9365208333333332 0.15258333333333332 0.07575
3 0.35108333333333336 0.31275000000000003 0.10931249999999999 0.06322916666666667
11 0.0805 0.92675 0.13025 0.065
3 0.7422083333333334 0.18908333333333335 0.1278125 0.065375
9 0.07675000000000001 0.8043750000000001 0.1254375 0.06195833333333333
3 0.8457083333333333 0.19885416666666667 0.12854166666666667 0.06854166666666667
0 0.48633333333333334 0.3149375 0.14929166666666666 0.07122916666666666
4 0.48022916666666665 0.04654166666666667 0.18712499999999999 0.09008333333333333
9 0.46900000000000003 0.5703125 0.12145833333333332 0.0700625
3 0.20470833333333335 0.19420833333333334 0.112 0.06683333333333333
9 0.7985 0.8212916666666668 0.11710416666666666 0.059875
9 0.19002083333333333 0.8187083333333334 0.1254375 0.06195833333333333
1 0.9044375 0.051104166666666666 0.17447916666666666 0.09114583333333333