0 0.30664583333333334 0.6816458333333333 0.12914583333333335 0.07135416666666666
1 0.7690416666666666 0.055 0.15283333333333332 0.10997916666666667
7 0.6440416666666666 0.9414166666666667 0.14977083333333333 0.0810625
3 0.06560416666666666 0.5629791666666667 0.10485416666666666 0.06464583333333333
9 0.6816458333333333 0.8198333333333333 0.08929166666666667 0.06383333333333334
9 0.7895416666666667 0.6957916666666667 0.09570833333333333 0.06939583333333334
3 0.9184583333333334 0.42895833333333333 0.0885 0.06372916666666667
9 0.9331041666666666 0.8154375 0.09656250000000001 0.06164583333333333
11 0.0538125 0.094 0.10760416666666667 0.0834375
3 0.7983333333333333 0.3139583333333333 0.08600000000000001 0.06293750000000001
5 0.065375 0.8286041666666667 0.13072916666666667 0.0701875
8 0.6510208333333334 0.5649375 0.1274375 0.08020833333333334