3 0.833 0.1665 0.06866666666666667 0.0623125
3 0.06983333333333334 0.18712499999999999 0.083 0.06335416666666667
3 0.6855416666666667 0.17845833333333333 0.0701875 0.0624375
3 0.17627083333333332 0.182 0.080375 0.06293750000000001
9 0.8086041666666667 0.8066458333333333 0.06439583333333333 0.059104166666666666
9 0.5795833333333333 0.4401875 0.07489583333333334 0.0624375
0 0.4172291666666667 0.18102083333333333 0.08929166666666667 0.0704375
3 0.9462916666666668 0.16614583333333333 0.0676875 0.06310416666666667
11 0.9487291666666666 0.9355416666666667 0.07764583333333334 0.07610416666666667
7 0.5566458333333333 0.942375 0.10614583333333334 0.09845833333333333
3 0.30835416666666665 0.17054166666666667 0.07891666666666668 0.06210416666666666
1 0.28858333333333336 0.05654166666666667 0.1095 0.0778125
0 0.692875 0.043125 0.08179166666666667 0.0705625
9 0.9438541666666667 0.8100625 0.06695833333333333 0.06041666666666667
11 0.049770833333333334 0.9453125 0.09533333333333333 0.08020833333333334
9 0.6840833333333334 0.7998125 0.06816666666666667 0.06304166666666668
9 0.053187500000000006 0.8066458333333333 0.08208333333333333 0.06452083333333333
5 0.4406666666666667 0.05697916666666667 0.09302083333333333 0.07433333333333333
5 0.9560625 0.045875 0.07695833333333332 0.06964583333333334
6 0.7216875 0.5488333333333333 0.07964583333333333 0.0730625
9 0.18787500000000001 0.8066458333333333 0.07860416666666666 0.06372916666666667
6 0.323 0.31224999999999997 0.08739583333333334 0.06731250000000001
8 0.6943333333333332 0.682625 0.09320833333333334 0.07385416666666668
8 0.42235416666666664 0.9199166666666667 0.09685416666666667 0.07135416666666666
2 0.5712916666666668 0.557125 0.08739583333333334 0.07433333333333333