5 0.04897916666666667 0.05664583333333333 0.09795833333333334 0.08093750000000001
3 0.18187499999999998 0.17247916666666668 0.0834375 0.06645833333333333
2 0.28881249999999997 0.31054166666666666 0.08989583333333333 0.072625
3 0.3139583333333333 0.17139583333333333 0.08166666666666668 0.06645833333333333
3 0.05677083333333333 0.16968750000000002 0.08375 0.06610416666666667
3 0.5356458333333334 0.45385416666666667 0.0678125 0.06152083333333334
9 0.06427083333333333 0.7104583333333333 0.0855625 0.0680625
6 0.16699999999999998 0.7885833333333333 0.09770833333333333 0.06914583333333332
3 0.80225 0.1899375 0.06585416666666667 0.059666666666666666
4 0.442375 0.049416666666666664 0.109125 0.09125
3 0.4233333333333333 0.4345625 0.07641666666666666 0.06347916666666667
1 0.7944375 0.058562499999999997 0.09770833333333333 0.09252083333333333
0 0.9306666666666668 0.45287499999999997 0.0785 0.06964583333333334
11 0.06585416666666667 0.9194375 0.10741666666666667 0.075875
9 0.29491666666666666 0.7089791666666667 0.080375 0.065125
9 0.4311458333333333 0.713875 0.07397916666666667 0.05602083333333333
5 0.6796875 0.04639583333333333 0.08660416666666666 0.07879166666666666
11 0.5737291666666666 0.9379791666666667 0.09368749999999999 0.06879166666666667
9 0.6870208333333333 0.7949166666666667 0.0731875 0.06427083333333333
8 0.6860416666666667 0.6894583333333333 0.08154166666666667 0.07275000000000001
9 0.9228541666666668 0.7060625 0.06720833333333333 0.059666666666666666
3 0.9399375 0.3303125 0.06585416666666667 0.06210416666666666
9 0.3146875 0.7734375 0.0810625 0.06189583333333334
9 0.8051666666666667 0.7905208333333333 0.07275000000000001 0.06322916666666667
7 0.8159166666666666 0.9418958333333334 0.0915625 0.0785
10 0.43677083333333333 0.8051666666666667 0.11102083333333333 0.06939583333333334