3 0.18164583333333334 0.17235416666666667 0.0834375 0.06708333333333334
5 0.049 0.05697916666666667 0.098 0.08179166666666667
3 0.3139583333333333 0.17114583333333336 0.08208333333333333 0.065375
3 0.056854166666666664 0.17139583333333333 0.08416666666666667 0.0680625
9 0.3142083333333333 0.7729583333333333 0.07989583333333333 0.06152083333333334
5 0.5463958333333333 0.044270833333333336 0.08910416666666668 0.07879166666666666
3 0.42212500000000003 0.4348125 0.07825 0.06395833333333333
11 0.5737291666666666 0.9375 0.09270833333333334 0.06829166666666667
9 0.06383333333333334 0.7109375 0.0863125 0.0676875
0 0.7958958333333332 0.5551666666666667 0.0810625 0.07183333333333333
8 0.6855416666666667 0.6884791666666668 0.07879166666666666 0.0730625
1 0.7900416666666668 0.058020833333333334 0.10125 0.09418750000000001
2 0.2858958333333333 0.3107916666666667 0.09283333333333334 0.072875
11 0.06464583333333333 0.9184583333333334 0.10358333333333333 0.07629166666666666
9 0.29564583333333333 0.7094791666666667 0.0778125 0.06347916666666667
3 0.536125 0.4548333333333333 0.06841666666666667 0.0626875
10 0.3969791666666667 0.9370208333333333 0.11535416666666666 0.07354166666666666
6 0.29320833333333335 0.9365208333333332 0.09789583333333333 0.0705625
3 0.9399375 0.3298333333333333 0.065 0.06152083333333334
3 0.8007916666666667 0.1899375 0.06452083333333333 0.060770833333333336
9 0.6865208333333332 0.7949166666666667 0.07091666666666667 0.0624375
9 0.8061458333333333 0.7900416666666668 0.07122916666666666 0.0611875
9 0.9233333333333333 0.7065416666666666 0.06708333333333334 0.059208333333333335
4 0.44116666666666665 0.0496875 0.11418750000000001 0.09008333333333333
7 0.8164166666666667 0.94125 0.0888125 0.07308333333333333
9 0.42993750000000003 0.713375 0.06879166666666667 0.0558125