3 0.18297916666666666 0.17114583333333336 0.080625 0.06572916666666667
3 0.8042083333333333 0.18822916666666664 0.06572916666666667 0.06097916666666667
1 0.7944375 0.057583333333333334 0.1019375 0.09435416666666667
5 0.43066666666666664 0.04708333333333334 0.09058333333333332 0.08270833333333334
5 0.4252916666666666 0.18725 0.09125 0.07452083333333334
3 0.9399375 0.32787499999999997 0.06372916666666667 0.0603125
9 0.6879791666666667 0.792 0.07227083333333333 0.0655
9 0.06572916666666667 0.7089791666666667 0.08435416666666667 0.06560416666666666
6 0.6752916666666666 0.3254375 0.0834375 0.07502083333333333
3 0.28172916666666664 0.4108958333333333 0.07860416666666666 0.06560416666666666
7 0.31372916666666667 0.786625 0.10839583333333333 0.07477083333333333
3 0.05572916666666667 0.16833333333333333 0.0785 0.06427083333333333
9 0.30516666666666664 0.5458958333333332 0.08093750000000001 0.06658333333333334
11 0.8100625 0.9331041666666666 0.08464583333333334 0.07354166666666666