3 0.9316458333333333 0.18933333333333333 0.08979166666666667 0.0703125
3 0.796875 0.31275000000000003 0.0861875 0.06439583333333333
3 0.06164583333333333 0.4404375 0.10285416666666666 0.0675625
9 0.6801666666666667 0.8193333333333332 0.0910625 0.0675625
9 0.9306666666666668 0.8159166666666666 0.090875 0.0623125
9 0.7868125 0.6986041666666666 0.10139583333333334 0.0694375
7 0.6449374999999999 0.9409166666666666 0.15125 0.07891666666666668
1 0.7562083333333334 0.19741666666666668 0.16083333333333333 0.10302083333333334
3 0.6923125 0.18839583333333335 0.10806249999999999 0.07941666666666666
0 0.6440416666666666 0.06420833333333334 0.11797916666666668 0.09027083333333333
8 0.4084375 0.0535 0.1325625 0.10210416666666666
11 0.1615 0.19775 0.12914583333333335 0.08283333333333333
5 0.2924791666666666 0.8134791666666668 0.12695833333333334 0.0699375