9 0.525 0.41527083333333337 0.1055625 0.0694375
8 0.6538125 0.7001875 0.1171875 0.07183333333333333
9 0.6806666666666668 0.8188541666666667 0.09270833333333334 0.065375
6 0.27929166666666666 0.5786041666666667 0.13097916666666667 0.0731875
11 0.557625 0.9448333333333333 0.124875 0.07825
10 0.13964583333333333 0.6811458333333333 0.14416666666666667 0.07764583333333334
7 0.8143125 0.9380624999999999 0.14733333333333334 0.08283333333333333
6 0.40599999999999997 0.8164166666666667 0.12512500000000001 0.0704375
9 0.04708333333333334 0.8010625 0.09416666666666668 0.06672916666666667
4 0.400625 0.04741666666666667 0.15052083333333333 0.09331249999999999
11 0.0655 0.9594791666666667 0.12891666666666668 0.0699375
0 0.5405208333333333 0.30664583333333334 0.12022916666666666 0.08464583333333334
9 0.15672916666666667 0.8154375 0.10285416666666666 0.0674375
9 0.7993125 0.8056666666666668 0.0888125 0.06427083333333333
5 0.06585416666666667 0.05072916666666667 0.12879166666666667 0.08789583333333333
9 0.9306666666666668 0.8159166666666666 0.08789583333333333 0.06222916666666667
8 0.18735416666666668 0.9727916666666666 0.13883333333333334 0.05441666666666667
3 0.5610416666666667 0.17785416666666667 0.09485416666666667 0.06635416666666667
2 0.2768541666666666 0.30835416666666665 0.13135416666666666 0.07575
3 0.9287083333333332 0.1898125 0.08758333333333333 0.06902083333333334
1 0.7851666666666667 0.05633333333333333 0.14856250000000001 0.1065
2 0.28931250000000003 0.1892083333333333 0.13660416666666667 0.08239583333333332
3 0.796875 0.31322916666666667 0.08416666666666667 0.06222916666666667
3 0.177125 0.19189583333333332 0.10033333333333333 0.0674375
0 0.7871041666666667 0.18433333333333335 0.11181250000000001 0.080625
5 0.6694375 0.050333333333333334 0.11877083333333333 0.09185416666666667
3 0.6889583333333333 0.18225 0.08960416666666667 0.0676875
3 0.058770833333333335 0.18797916666666667 0.1043125 0.0679375