3 0.8198333333333333 0.43066666666666664 0.06866666666666667 0.06310416666666667
3 0.7065416666666666 0.276125 0.07227083333333333 0.06395833333333333
3 0.17297916666666666 0.1813958333333333 0.0778125 0.06335416666666667
0 0.306875 0.1695625 0.07945833333333334 0.06310416666666667
9 0.5795833333333333 0.3103125 0.07341666666666667 0.0614375
0 0.21375 0.31127083333333333 0.090875 0.07135416666666666
3 0.052125 0.411625 0.0808125 0.06189583333333334
9 0.682125 0.7998125 0.07366666666666667 0.06731250000000001
5 0.4357916666666667 0.05541666666666667 0.09485416666666667 0.07531249999999999
7 0.8198333333333333 0.9082083333333333 0.09966666666666667 0.09039583333333333
3 0.9457916666666667 0.16602083333333334 0.06597916666666667 0.06335416666666667
0 0.3410625 0.30591666666666667 0.08910416666666668 0.07091666666666667
1 0.2851666666666667 0.05560416666666667 0.1096875 0.07739583333333333
11 0.5546875 0.8159166666666666 0.08435416666666667 0.07341666666666667
9 0.05204166666666667 0.8051666666666667 0.08252083333333333 0.06452083333333333
8 0.6918958333333334 0.682125 0.09058333333333332 0.07341666666666667
9 0.9448333333333333 0.6635833333333333 0.0655 0.06197916666666667
9 0.807125 0.8066458333333333 0.065 0.059666666666666666
9 0.318125 0.5556666666666668 0.07764583333333334 0.06420833333333334
6 0.17956249999999999 0.567875 0.09075000000000001 0.0676875