3 0.0676875 0.20960416666666667 0.11241666666666666 0.07922916666666667
5 0.0624375 0.06322916666666667 0.12360416666666667 0.08385416666666666
1 0.6328125 0.05210416666666667 0.22195833333333334 0.10422916666666666
3 0.6098541666666667 0.19983333333333334 0.11474999999999999 0.06475
2 0.20350000000000001 0.051270833333333335 0.14660416666666667 0.08375
3 0.3498541666666667 0.3139583333333333 0.1096875 0.06293750000000001
3 0.9516666666666667 0.1900625 0.09504166666666666 0.06597916666666667
3 0.20679166666666668 0.1955625 0.11066666666666666 0.06585416666666667
0 0.7386041666666666 0.059666666666666666 0.171875 0.0903125
9 0.07104166666666667 0.8046875 0.10375 0.057916666666666665
11 0.07904166666666666 0.9282291666666667 0.13525 0.06189583333333334
9 0.9377291666666667 0.833 0.12454166666666668 0.07806249999999999
0 0.3385416666666667 0.05329166666666666 0.1546875 0.0856875
9 0.8061458333333333 0.8271458333333332 0.13602083333333334 0.0623125
3 0.745125 0.18847916666666667 0.12104166666666667 0.06197916666666667
6 0.33529166666666665 0.9368541666666667 0.15872916666666667 0.07775
3 0.8510833333333333 0.2004375 0.12402083333333333 0.0674375
9 0.47533333333333333 0.5703125 0.11674999999999999 0.06525
7 0.6049791666666666 0.9449791666666666 0.21106250000000001 0.08770833333333333
9 0.3393541666666666 0.838375 0.11633333333333334 0.06310416666666667
9 0.7026458333333333 0.8139583333333333 0.11712499999999999 0.06927083333333334
8 0.619625 0.5869166666666668 0.15637500000000001 0.07641666666666666
9 0.1899375 0.8168958333333334 0.11841666666666667 0.06085416666666667
4 0.48575 0.0459375 0.19974999999999998 0.09189583333333333
10 0.4718333333333333 0.949875 0.17952083333333332 0.06810416666666666
6 0.7193958333333333 0.9494166666666667 0.14570833333333333 0.07775
2 0.8475208333333334 0.049416666666666664 0.15704166666666666 0.08931249999999999
5 0.9580833333333333 0.08652083333333334 0.08385416666666666 0.08018750000000001