7 0.8481458333333334 0.9516666666666667 0.18712499999999999 0.08239583333333332
3 0.22352083333333334 0.4353125 0.11377083333333333 0.06395833333333333
9 0.7973541666666667 0.8242291666666667 0.10931249999999999 0.057916666666666665
6 0.3373958333333333 0.9389583333333333 0.1535625 0.08093750000000001
3 0.8510833333333333 0.3168958333333334 0.11902083333333334 0.06304166666666668
5 0.5961875 0.06420833333333334 0.140875 0.08166666666666668
3 0.7431666666666668 0.18664583333333334 0.11595833333333333 0.06360416666666667
1 0.8818333333333332 0.0584375 0.2005625 0.09722916666666667
4 0.3785 0.3063958333333333 0.19237500000000002 0.08739583333333334
11 0.08539583333333334 0.9257916666666667 0.13268749999999999 0.06645833333333333
11 0.6967708333333333 0.9585 0.14758333333333334 0.06304166666666668
9 0.19458333333333336 0.8154375 0.11554166666666667 0.06420833333333334
5 0.3610833333333333 0.050229166666666665 0.13733333333333334 0.0834375
3 0.9578958333333334 0.18787500000000001 0.08420833333333334 0.06622916666666666
9 0.463125 0.6933541666666667 0.1175625 0.06152083333333334
9 0.7023125 0.8100625 0.1176875 0.0626875
10 0.49243750000000003 0.5722708333333333 0.17956249999999999 0.08647916666666666
9 0.9487291666666666 0.682125 0.09570833333333333 0.049958333333333334
0 0.4936458333333333 0.31764583333333335 0.1535625 0.08093750000000001