3 0.22302083333333333 0.4360416666666667 0.11339583333333333 0.06439583333333333
4 0.5146458333333334 0.5615208333333332 0.18006250000000001 0.07477083333333333
11 0.08477083333333332 0.9282291666666667 0.13208333333333333 0.06658333333333334
3 0.8501041666666667 0.31835416666666666 0.1274375 0.06420833333333334
0 0.4904791666666667 0.31616666666666665 0.15197916666666667 0.0701875
3 0.7441458333333333 0.18775 0.12145833333333332 0.06475
9 0.4665625 0.6962916666666668 0.11737500000000001 0.05552083333333333
11 0.6953125 0.9575208333333334 0.14856250000000001 0.06695833333333333
3 0.9574166666666667 0.18968749999999998 0.08516666666666667 0.06635416666666667
9 0.19335416666666666 0.8154375 0.115 0.06452083333333333
5 0.5958749999999999 0.06439583333333333 0.13858333333333334 0.08008333333333333
3 0.8042083333333333 0.82275 0.10633333333333334 0.0611875
1 0.8740208333333332 0.057187499999999995 0.2059375 0.09172916666666667
3 0.9472708333333333 0.67725 0.09912499999999999 0.06293750000000001
3 0.7314375 0.5758541666666667 0.12866666666666665 0.06833333333333333
10 0.9486875 0.5701458333333334 0.102625 0.07585416666666665
5 0.4731458333333334 0.0655625 0.13683333333333333 0.09639583333333333
6 0.8548125 0.4487291666666666 0.17729166666666665 0.08539583333333334
7 0.9096666666666666 0.9404375 0.15539583333333334 0.07683333333333334