3 0.18285416666666665 0.172125 0.08312499999999999 0.06683333333333333
3 0.0570625 0.17102083333333334 0.08385416666666666 0.06683333333333333
5 0.5488333333333333 0.0439375 0.08989583333333333 0.07922916666666667
3 0.3146875 0.17102083333333334 0.08122916666666667 0.06610416666666667
5 0.049124999999999995 0.056125 0.09822916666666666 0.08154166666666667
0 0.796875 0.5546875 0.08179166666666667 0.07104166666666667
3 0.4235833333333333 0.43335416666666665 0.07806249999999999 0.06464583333333333
2 0.28858333333333336 0.30883333333333335 0.0935 0.07341666666666667
1 0.6762708333333334 0.19470833333333332 0.10577083333333334 0.0855625
9 0.43066666666666664 0.713375 0.07104166666666667 0.0559375
8 0.6860416666666667 0.6889583333333333 0.0805 0.07227083333333333
7 0.8222708333333333 0.9409166666666666 0.09589583333333333 0.07397916666666667
9 0.8066458333333333 0.7910208333333333 0.07170833333333333 0.06322916666666667
4 0.44164583333333335 0.04858333333333333 0.11316666666666667 0.09008333333333333
11 0.064875 0.9179791666666667 0.10558333333333333 0.07464583333333333
0 0.18187499999999998 0.5654375 0.0915625 0.0703125
9 0.18383333333333332 0.8120208333333333 0.083 0.06360416666666667
6 0.2937083333333333 0.9355416666666667 0.09789583333333333 0.07147916666666668
9 0.29883333333333334 0.7836875 0.0778125 0.06360416666666667
3 0.536625 0.4545833333333333 0.06939583333333334 0.0626875
10 0.39966666666666667 0.9360416666666667 0.11516666666666667 0.07464583333333333
3 0.9409166666666666 0.32910416666666664 0.06585416666666667 0.06177083333333333
11 0.5751875 0.9365208333333332 0.093875 0.06952083333333332
9 0.6879791666666667 0.7934583333333334 0.07122916666666666 0.0624375
3 0.8032291666666667 0.18933333333333333 0.06635416666666667 0.06097916666666667
8 0.3139583333333333 0.6699166666666667 0.09789583333333333 0.06420833333333334
9 0.06622916666666666 0.8046875 0.08197916666666667 0.0678125
9 0.92725 0.8007916666666667 0.06939583333333334 0.06360416666666667