4 0.4470208333333333 0.3159166666666666 0.07935416666666667 0.0885
9 0.07752083333333333 0.8256875 0.058770833333333335 0.05835416666666667
6 0.5498125 0.817875 0.07135416666666666 0.06902083333333334
3 0.0655 0.18531250000000002 0.0676875 0.0700625
3 0.5649375 0.30370833333333336 0.06475 0.06372916666666667
3 0.1953125 0.30664583333333334 0.06560416666666666 0.06622916666666666
3 0.6875 0.4282291666666667 0.06420833333333334 0.0623125
9 0.5722708333333333 0.6909166666666666 0.06395833333333333 0.0603125
10 0.32445833333333335 0.817375 0.07641666666666666 0.07366666666666667
3 0.4421458333333333 0.44825 0.06322916666666667 0.0628125
0 0.19910416666666667 0.17247916666666668 0.07104166666666667 0.07977083333333333
9 0.4499583333333333 0.5737291666666666 0.06683333333333333 0.06222916666666667
3 0.3251875 0.18604166666666666 0.0679375 0.06829166666666667
5 0.06670833333333334 0.0626875 0.0730625 0.0861875
11 0.9287083333333332 0.9545833333333333 0.07806249999999999 0.07341666666666667
8 0.4509375 0.8081041666666666 0.0754375 0.07195833333333333
9 0.19433333333333333 0.8222708333333333 0.059541666666666666 0.059875
9 0.3298333333333333 0.7119166666666668 0.058562499999999997 0.057708333333333334
3 0.8222708333333333 0.458 0.0603125 0.05975
5 0.9457916666666667 0.8369166666666668 0.0785 0.07433333333333333
7 0.32860416666666664 0.9277291666666667 0.0805 0.07860416666666666
9 0.8037083333333332 0.8168958333333334 0.06293750000000001 0.06064583333333333
2 0.18285416666666665 0.0538125 0.07739583333333333 0.09704166666666666
9 0.692875 0.8183541666666667 0.06622916666666666 0.06097916666666667
11 0.4514166666666667 0.9350625 0.0706875 0.06914583333333332
1 0.8203125 0.18420833333333334 0.08679166666666666 0.09845833333333333