7 0.6469791666666667 0.942875 0.15147916666666666 0.07891666666666668
0 0.30406249999999996 0.682125 0.13210416666666666 0.0674375
3 0.9184583333333334 0.43041666666666667 0.09027083333333333 0.06464583333333333
9 0.6831041666666666 0.8207916666666667 0.09185416666666667 0.06622916666666666
3 0.06560416666666666 0.5644583333333333 0.1043125 0.06383333333333334
5 0.2944375 0.8129791666666667 0.12891666666666668 0.06927083333333334
3 0.7978541666666668 0.3156666666666667 0.08679166666666666 0.06439583333333333
9 0.9340833333333334 0.8164166666666667 0.10033333333333333 0.0603125
9 0.7880833333333332 0.6948333333333333 0.0915625 0.06964583333333334
1 0.6591875 0.17333333333333334 0.15258333333333332 0.10558333333333333
8 0.6491458333333333 0.5664166666666667 0.12770833333333334 0.07977083333333333
11 0.0558125 0.04752083333333333 0.10541666666666667 0.0856875