0 0.4086458333333333 0.5707916666666667 0.13585416666666666 0.07227083333333333
7 0.7621666666666667 0.8125 0.1515625 0.08227083333333333
9 0.6802083333333333 0.8188541666666667 0.0890625 0.072875
1 0.9038125 0.17235416666666667 0.140375 0.10614583333333334
3 0.9252916666666666 0.4201666666666667 0.08679166666666666 0.06597916666666667
8 0.651375 0.5654375 0.12041666666666666 0.07891666666666668
11 0.04610416666666666 0.2780833333333333 0.09039583333333333 0.07502083333333333
0 0.051291666666666666 0.6962916666666668 0.10260416666666666 0.06372916666666667
9 0.9301666666666667 0.8164166666666667 0.09027083333333333 0.06210416666666666
9 0.7880833333333332 0.6953125 0.090875 0.06816666666666667
5 0.07977083333333333 0.9379791666666667 0.13635416666666667 0.07183333333333333