3 0.44116666666666665 0.44727083333333334 0.06304166666666668 0.06293750000000001
6 0.5488333333333333 0.8168958333333334 0.07135416666666666 0.06939583333333334
3 0.5625 0.30272916666666666 0.064875 0.06395833333333333
9 0.07708333333333334 0.8247083333333334 0.058020833333333334 0.057791666666666665
3 0.6875 0.427 0.06585416666666667 0.0628125
4 0.44579166666666664 0.3154375 0.07945833333333334 0.08929166666666667
3 0.32445833333333335 0.1849375 0.06829166666666667 0.06891666666666667
0 0.19847916666666665 0.17114583333333336 0.0704375 0.080625
10 0.3242291666666667 0.8168958333333334 0.07793749999999999 0.0751875
3 0.8207916666666667 0.4570416666666667 0.0603125 0.06020833333333333
9 0.19347916666666667 0.8212916666666668 0.0603125 0.06085416666666667
7 0.32935416666666667 0.9252916666666666 0.07964583333333333 0.07989583333333333
9 0.3254375 0.7094791666666667 0.06189583333333334 0.057291666666666664
9 0.8032291666666667 0.8154375 0.0628125 0.059875
9 0.5747083333333334 0.6894583333333333 0.06222916666666667 0.06152083333333334
9 0.4509375 0.57325 0.06335416666666667 0.06152083333333334
3 0.19543750000000001 0.30541666666666667 0.06610416666666667 0.06658333333333334
3 0.06372916666666667 0.1851875 0.0675625 0.0704375
1 0.8193333333333332 0.18347916666666667 0.0834375 0.09754166666666667
8 0.7021458333333332 0.7128958333333333 0.08008333333333333 0.0706875
2 0.44164583333333335 0.1744375 0.07464583333333333 0.09185416666666667
5 0.064875 0.06197916666666667 0.07160416666666666 0.0855625
9 0.6909166666666666 0.817375 0.064875 0.058145833333333334
11 0.9506875 0.9536041666666667 0.07825 0.07104166666666667