7 0.8476666666666667 0.9541041666666668 0.19312500000000002 0.07752083333333333
11 0.07575 0.9277291666666667 0.13916666666666666 0.0626875
9 0.3391041666666667 0.8393541666666666 0.11779166666666667 0.0603125
9 0.9336041666666667 0.8320416666666667 0.12610416666666666 0.07489583333333334
9 0.07275000000000001 0.8051666666666667 0.10820833333333332 0.058562499999999997
9 0.7036041666666667 0.8115208333333332 0.12841666666666668 0.06310416666666667
9 0.18797916666666667 0.8168958333333334 0.12104166666666667 0.065
3 0.06914583333333332 0.20495833333333333 0.11218750000000001 0.0704375
10 0.4702083333333333 0.9451458333333334 0.18510416666666665 0.06964583333333334
9 0.7934583333333334 0.8222708333333333 0.112 0.060083333333333336
3 0.2058125 0.19579166666666667 0.11279166666666667 0.06475
3 0.8520416666666667 0.19835416666666666 0.13499999999999998 0.06866666666666667
11 0.6933541666666667 0.9541041666666668 0.15125 0.06914583333333332
6 0.3620625 0.5542083333333333 0.15172916666666666 0.08122916666666667
3 0.7377916666666666 0.317375 0.12104166666666667 0.0624375
5 0.7268958333333334 0.06285416666666667 0.15177083333333333 0.0853125
6 0.34277083333333336 0.9384791666666668 0.17402083333333335 0.07775
5 0.0628125 0.06372916666666667 0.1225 0.083625
3 0.35204166666666664 0.3155833333333333 0.11800000000000001 0.06927083333333334
8 0.7182708333333333 0.7075208333333334 0.15027083333333333 0.06939583333333334
3 0.7431666666666668 0.18872916666666667 0.12610416666666666 0.0623125
3 0.9462916666666668 0.18968749999999998 0.09856250000000001 0.0674375
1 0.8762916666666667 0.06064583333333333 0.21020833333333336 0.09435416666666667
0 0.33227083333333335 0.05602083333333333 0.16589583333333333 0.08270833333333334
2 0.20495833333333333 0.053000000000000005 0.1623541666666667 0.08283333333333333
4 0.4658125 0.042562499999999996 0.22033333333333335 0.083625
9 0.4731458333333334 0.5776458333333333 0.12145833333333332 0.07104166666666667
0 0.48485416666666664 0.3154375 0.15564583333333332 0.06866666666666667