3 0.9384791666666668 0.3376458333333333 0.06708333333333334 0.06210416666666666
3 0.8042083333333333 0.19847916666666665 0.06635416666666667 0.05975
5 0.6738333333333333 0.6894583333333333 0.08660416666666666 0.07227083333333333
3 0.28027083333333336 0.42114583333333333 0.07904166666666666 0.065
3 0.182 0.17760416666666667 0.08197916666666667 0.065375
9 0.0628125 0.7163125 0.08660416666666666 0.06964583333333334
3 0.0559375 0.1743125 0.08283333333333333 0.06902083333333334
1 0.7934583333333334 0.0680625 0.10125 0.09320833333333334
9 0.30443749999999997 0.5527291666666667 0.07610416666666667 0.06475
6 0.8090833333333334 0.9375 0.0731875 0.0613125
7 0.05560416666666667 0.5561458333333333 0.10633333333333334 0.07610416666666667