3 0.224 0.43652083333333336 0.11535416666666666 0.065
3 0.7417083333333333 0.18835416666666666 0.1198125 0.06347916666666667
7 0.9165 0.94825 0.15710416666666666 0.06310416666666667
11 0.08093750000000001 0.9287083333333332 0.13635416666666667 0.065375
9 0.46460416666666665 0.69825 0.11579166666666667 0.05602083333333333
11 0.6962916666666668 0.9575208333333334 0.145875 0.06610416666666667
9 0.7304791666666667 0.5844791666666667 0.11877083333333333 0.07793749999999999
3 0.9582916666666667 0.19054166666666666 0.0834375 0.06322916666666667
3 0.8520416666666667 0.31933333333333336 0.12360416666666667 0.065
9 0.19347916666666667 0.817375 0.11535416666666666 0.06383333333333334
9 0.807125 0.8233958333333333 0.106875 0.05552083333333333
5 0.3657291666666667 0.06525 0.15002083333333335 0.08385416666666666
10 0.9555625 0.5703125 0.08527083333333334 0.08270833333333334
5 0.5935833333333334 0.06395833333333333 0.15502083333333333 0.08252083333333333
4 0.5136666666666667 0.5649375 0.17920833333333333 0.07695833333333332
9 0.9506875 0.6757916666666667 0.09570833333333333 0.06720833333333333
0 0.7581458333333334 0.05477083333333333 0.16004166666666667 0.0858125
1 0.8727291666666667 0.06127083333333334 0.22514583333333332 0.1014375
6 0.74675 0.31366666666666665 0.1669375 0.07793749999999999