3 0.9277708333333333 0.42152083333333334 0.0944375 0.07083333333333333
0 0.3048541666666667 0.6819375 0.1375 0.08056250000000001
11 0.04652083333333333 0.2791666666666667 0.0930625 0.08610416666666666
5 0.07777083333333333 0.9388958333333334 0.13889583333333333 0.075
9 0.7895833333333333 0.6951458333333334 0.09583333333333334 0.07083333333333333
7 0.7694375 0.8125 0.1444375 0.08889583333333334
1 0.9048541666666666 0.17360416666666667 0.14583333333333334 0.11110416666666666
8 0.6519375000000001 0.5644583333333333 0.12527083333333333 0.08166666666666668
9 0.9301666666666667 0.8168958333333334 0.10033333333333333 0.06372916666666667
3 0.05329166666666666 0.6943333333333332 0.10660416666666667 0.0701875
9 0.6770833333333334 0.8229166666666666 0.09583333333333334 0.07083333333333333