10 0.4645208333333333 0.9505208333333334 0.19377083333333334 0.07983333333333334
11 0.07597916666666667 0.9282291666666667 0.13866666666666666 0.06420833333333334
6 0.3484791666666667 0.9438541666666667 0.18425 0.09039583333333333
9 0.93425 0.8344791666666667 0.11966666666666666 0.0778125
3 0.349125 0.31347916666666664 0.10760416666666667 0.06164583333333333
9 0.33716666666666667 0.838875 0.112 0.0603125
0 0.32910416666666664 0.059208333333333335 0.1389166666666667 0.07720833333333334
7 0.5976666666666667 0.9474374999999999 0.20304166666666665 0.09431250000000001
9 0.07366666666666667 0.8046875 0.1095 0.060520833333333336
9 0.7024791666666667 0.8100625 0.12491666666666666 0.06335416666666667
3 0.06841666666666667 0.20947916666666666 0.11260416666666666 0.07764583333333334
8 0.6162083333333332 0.5859375 0.15979166666666667 0.0755625
5 0.0623125 0.06408333333333334 0.124625 0.08239583333333332
9 0.18712499999999999 0.8168958333333334 0.12145833333333332 0.06695833333333333
11 0.93975 0.9536041666666667 0.12047916666666666 0.06064583333333333
9 0.4709375 0.5722708333333333 0.11858333333333333 0.0701875
3 0.20531249999999998 0.19654166666666667 0.11339583333333333 0.06658333333333334
2 0.7456041666666666 0.328125 0.15637500000000001 0.07695833333333332
5 0.9622291666666667 0.0910625 0.07552083333333333 0.0706875
3 0.9540416666666667 0.19591666666666668 0.09191666666666666 0.075875
9 0.7924791666666666 0.8212916666666668 0.11127083333333333 0.06177083333333333
1 0.6253333333333334 0.05247916666666667 0.2223125 0.095
3 0.6113333333333333 0.19897916666666668 0.11279166666666667 0.0623125
0 0.7347083333333334 0.05825 0.17602083333333332 0.08408333333333333
3 0.7402291666666667 0.18787500000000001 0.1175625 0.06197916666666667
2 0.20739583333333333 0.052437500000000005 0.14783333333333332 0.08435416666666667
4 0.4856666666666667 0.04472916666666667 0.19264583333333332 0.08947916666666668
3 0.8541666666666666 0.19960416666666667 0.12406249999999999 0.07239583333333334
8 0.82975 0.9622291666666667 0.15979166666666667 0.0755625
6 0.7267291666666666 0.9548125 0.1517083333333333 0.09039583333333333