9 0.8105416666666667 0.8066458333333333 0.06420833333333334 0.05864583333333333
0 0.8251875 0.542 0.07891666666666668 0.07354166666666666
7 0.557125 0.9438541666666667 0.10541666666666667 0.10175000000000001
9 0.5791041666666668 0.4409166666666666 0.07410416666666667 0.06310416666666667
9 0.6840833333333334 0.7988333333333333 0.06816666666666667 0.06464583333333333
3 0.8335 0.16710416666666666 0.06879166666666667 0.06347916666666667
3 0.9462916666666668 0.166625 0.06408333333333334 0.06197916666666667
11 0.9487291666666666 0.9350625 0.075875 0.07629166666666666
6 0.30204166666666665 0.9394166666666667 0.092875 0.08097916666666666
11 0.051854166666666666 0.9448333333333333 0.09283333333333334 0.07752083333333333
3 0.6860416666666667 0.17822916666666666 0.06983333333333334 0.0626875
3 0.17541666666666667 0.18262499999999998 0.07964583333333333 0.06372916666666667
8 0.6953125 0.6816458333333333 0.090875 0.07195833333333333
0 0.6933541666666667 0.04302083333333333 0.08227083333333333 0.07208333333333333
6 0.19641666666666666 0.4328541666666667 0.08929166666666667 0.06670833333333334
3 0.0699375 0.18689583333333332 0.08312499999999999 0.06452083333333333
9 0.05389583333333334 0.8061458333333333 0.08270833333333334 0.06452083333333333
3 0.317875 0.18066666666666667 0.08179166666666667 0.06585416666666667
2 0.57275 0.557625 0.08727083333333334 0.07331249999999999
8 0.42162499999999997 0.9194375 0.09418750000000001 0.07183333333333333
9 0.9433541666666667 0.8100625 0.06452083333333333 0.06097916666666667
5 0.07695833333333332 0.05420833333333333 0.09418750000000001 0.072625
9 0.18872916666666667 0.807625 0.08122916666666667 0.06645833333333333
5 0.9550833333333333 0.045875 0.07397916666666667 0.07170833333333333
2 0.31372916666666667 0.307125 0.08375 0.0679375
1 0.557625 0.04595833333333333 0.08154166666666667 0.07825