9 0.9530833333333334 0.8059791666666667 0.073875 0.0698125
3 0.18272916666666666 0.17920833333333333 0.07597916666666667 0.05864583333333333
10 0.6801666666666667 0.6704166666666667 0.09827083333333334 0.0861875
7 0.833 0.9628958333333333 0.09552083333333333 0.07170833333333333
2 0.6865208333333332 0.317625 0.083 0.072625
11 0.5776458333333333 0.9492291666666667 0.08910416666666668 0.0808125
1 0.28099999999999997 0.05697916666666667 0.11737500000000001 0.07708333333333334
3 0.8086041666666667 0.1693125 0.07183333333333333 0.064875
8 0.807625 0.32445833333333335 0.08789583333333333 0.06816666666666667
5 0.4311458333333333 0.060083333333333336 0.09845833333333333 0.07575
3 0.3086041666666667 0.18310416666666668 0.07904166666666666 0.06347916666666667
9 0.8027291666666667 0.8188541666666667 0.059000000000000004 0.059333333333333335
9 0.692375 0.8154375 0.07410416666666667 0.07239583333333334
4 0.5610416666666667 0.31664583333333335 0.10614583333333334 0.07397916666666667
3 0.5644583333333333 0.4421458333333333 0.0703125 0.05697916666666667
9 0.442625 0.8100625 0.08179166666666667 0.06475
3 0.059875 0.20018750000000002 0.07666666666666666 0.0623125
0 0.2951666666666667 0.448 0.09302083333333333 0.07227083333333333
6 0.2934583333333334 0.9155208333333333 0.09252083333333333 0.07385416666666668
2 0.0456875 0.4470208333333333 0.07666666666666666 0.08252083333333333
3 0.9336041666666667 0.32885416666666667 0.06841666666666667 0.06475
9 0.31297916666666664 0.8139583333333333 0.08020833333333334 0.0679375
8 0.3110416666666667 0.6733333333333333 0.10125 0.0703125
9 0.07752083333333333 0.8251875 0.08587499999999999 0.06525
9 0.17883333333333334 0.8168958333333334 0.07752083333333333 0.06164583333333333
11 0.052333333333333336 0.9609375 0.10320833333333333 0.0725