9 0.33697916666666666 0.3190625 0.12708333333333333 0.0708125
9 0.09418750000000001 0.567375 0.11127083333333333 0.05975
9 0.4648541666666667 0.692875 0.11395833333333334 0.059958333333333336
11 0.08404166666666667 0.92725 0.13122916666666667 0.06645833333333333
6 0.3360208333333333 0.9443333333333332 0.1545416666666667 0.09235416666666667
9 0.706875 0.8168958333333334 0.12422916666666667 0.0699375
9 0.19518749999999999 0.8159166666666666 0.11358333333333334 0.065
3 0.23304166666666667 0.45897916666666666 0.11377083333333333 0.0626875
3 0.1019375 0.32227083333333334 0.112 0.06525
0 0.4904791666666667 0.3156666666666667 0.14881250000000001 0.07079166666666666
3 0.7417083333333333 0.31616666666666665 0.12145833333333332 0.06085416666666667
3 0.7519583333333333 0.18797916666666667 0.13477083333333334 0.06420833333333334
3 0.9532916666666666 0.1900625 0.08879166666666666 0.06731250000000001
3 0.8457083333333333 0.20214583333333333 0.12022916666666666 0.064875
1 0.8808541666666667 0.059666666666666666 0.20372916666666668 0.09589583333333333
5 0.4804791666666667 0.06304166666666668 0.1501458333333333 0.0856875
4 0.36620833333333336 0.17652083333333335 0.17664583333333334 0.08960416666666667
5 0.5950624999999999 0.06564583333333333 0.1501458333333333 0.0856875
10 0.9433541666666667 0.4406666666666667 0.106875 0.07464583333333333
9 0.9506875 0.67725 0.096375 0.06222916666666667
9 0.8116875 0.8222708333333333 0.1316875 0.06164583333333333
7 0.8502500000000001 0.9526458333333333 0.21137499999999998 0.08495833333333333
11 0.6943333333333332 0.9570416666666667 0.14660416666666667 0.06585416666666667