6 0.7710208333333333 0.6913958333333333 0.12172916666666667 0.07397916666666667
6 0.29210416666666666 0.814875 0.13014583333333332 0.07541666666666667
0 0.05283333333333333 0.2944375 0.1014375 0.07091666666666667
4 0.2678125 0.177 0.14856250000000001 0.096375
2 0.4106458333333334 0.16968750000000002 0.13135416666666666 0.07935416666666667
8 0.4079375 0.8110416666666667 0.13443750000000002 0.07208333333333333
11 0.9257916666666667 0.9248125 0.1096875 0.07122916666666666
9 0.6704166666666667 0.5664166666666667 0.09235416666666667 0.06597916666666667
5 0.059875 0.043604166666666666 0.11658333333333333 0.08660416666666666
9 0.29125 0.69775 0.10125 0.0614375
3 0.15416666666666667 0.29491666666666666 0.10285416666666666 0.06572916666666667
8 0.5444375 0.4409166666666666 0.1305 0.07806249999999999
9 0.17675000000000002 0.80225 0.10033333333333333 0.06622916666666666
9 0.4265208333333333 0.5629791666666667 0.09741666666666667 0.06420833333333334
2 0.6640625 0.3012708333333334 0.12525 0.07502083333333333
9 0.9238333333333333 0.80225 0.08897916666666666 0.0680625
1 0.7773541666666667 0.052708333333333336 0.145625 0.0989375
7 0.5332083333333333 0.9311458333333333 0.1586875 0.08166666666666668
3 0.05410416666666666 0.43822916666666667 0.10339583333333334 0.06452083333333333
11 0.06439583333333333 0.9389583333333333 0.12525 0.07666666666666666
9 0.05064583333333333 0.8115208333333332 0.10129166666666665 0.06360416666666667
3 0.5278333333333334 0.30054166666666665 0.09685416666666667 0.06720833333333333
3 0.29662499999999997 0.4409166666666666 0.10089583333333334 0.0626875
3 0.6708958333333332 0.171625 0.09252083333333333 0.06572916666666667
9 0.796875 0.8042083333333333 0.08539583333333334 0.058562499999999997
0 0.42139583333333336 0.3095625 0.1274375 0.07477083333333333
3 0.4126041666666667 0.43652083333333336 0.09270833333333334 0.058229166666666665
10 0.643875 0.6864375 0.1438958333333333 0.08008333333333333
3 0.8056666666666668 0.17614583333333333 0.09331249999999999 0.06879166666666667
3 0.9248125 0.177 0.08802083333333334 0.06695833333333333
9 0.5464583333333334 0.6996249999999999 0.09310416666666667 0.06625
5 0.6831041666666666 0.040125 0.11579166666666667 0.08027083333333333