3 0.30541666666666667 0.17004166666666667 0.08008333333333333 0.0623125
0 0.307625 0.43164583333333334 0.09320833333333334 0.072875
9 0.6806666666666668 0.8002916666666666 0.07091666666666667 0.06408333333333334
3 0.17297916666666666 0.18164583333333334 0.07935416666666667 0.06293750000000001
9 0.051000000000000004 0.807625 0.08166666666666668 0.06464583333333333
3 0.051000000000000004 0.41454166666666664 0.08252083333333333 0.06464583333333333
5 0.5693333333333332 0.043604166666666666 0.08477083333333332 0.07195833333333333
8 0.8164166666666667 0.5615208333333332 0.0863125 0.0731875
9 0.3164166666666667 0.557125 0.07641666666666666 0.06395833333333333
3 0.8193333333333332 0.4313958333333333 0.06952083333333332 0.06439583333333333
1 0.28539583333333335 0.057583333333333334 0.11066666666666666 0.07806249999999999
7 0.8203125 0.90625 0.09741666666666667 0.08508333333333334
11 0.5551666666666667 0.8168958333333334 0.083625 0.072875
3 0.9575208333333334 0.4018541666666666 0.06695833333333333 0.06372916666666667
9 0.807125 0.807125 0.0655 0.060770833333333336
0 0.04779166666666667 0.5429791666666667 0.09320833333333334 0.0706875
9 0.9438541666666667 0.6640625 0.06597916666666667 0.06164583333333333
6 0.7050833333333333 0.2939375 0.08135416666666666 0.0676875
9 0.567875 0.1851875 0.072625 0.06085416666666667