2 0.6655208333333333 0.3025 0.12547916666666667 0.07575
3 0.4155208333333333 0.4375 0.09125 0.05835416666666667
4 0.2685625 0.17822916666666666 0.14904166666666668 0.09418750000000001
3 0.15491666666666667 0.29564583333333333 0.10052083333333334 0.06572916666666667
8 0.5424166666666667 0.4401875 0.13158333333333333 0.07989583333333333
3 0.9262708333333334 0.1779791666666667 0.08660416666666666 0.06585416666666667
3 0.29029166666666667 0.2937083333333333 0.10229166666666667 0.06475
9 0.17835416666666667 0.8042083333333333 0.104125 0.065
0 0.051187500000000004 0.2944375 0.10210416666666666 0.07433333333333333
9 0.6733333333333333 0.567375 0.093875 0.065375
3 0.671875 0.17285416666666667 0.09552083333333333 0.06731250000000001
6 0.7766458333333334 0.6918958333333334 0.116125 0.07227083333333333
0 0.42212500000000003 0.3093333333333333 0.12718749999999998 0.0754375
9 0.9248125 0.8027291666666667 0.08989583333333333 0.06939583333333334
9 0.43016666666666664 0.5649375 0.10052083333333334 0.06383333333333334
3 0.0559375 0.43872916666666667 0.10558333333333333 0.065
9 0.5488333333333333 0.7016666666666667 0.0915625 0.06408333333333334
3 0.5302708333333334 0.3015208333333333 0.09827083333333334 0.06731250000000001
6 0.40747916666666667 0.6816458333333333 0.13072916666666667 0.06731250000000001
11 0.9248125 0.92675 0.11102083333333333 0.07208333333333333
9 0.05225 0.8120208333333333 0.10052083333333334 0.06322916666666667
9 0.796875 0.8061458333333333 0.08527083333333334 0.057791666666666665
11 0.06085416666666667 0.9414166666666667 0.119375 0.075875
3 0.8081041666666666 0.17675000000000002 0.09204166666666666 0.0678125
2 0.411875 0.17102083333333334 0.13233333333333333 0.0808125
5 0.059000000000000004 0.044270833333333336 0.1171875 0.0883125
9 0.292 0.6997083333333334 0.09856250000000001 0.058229166666666665
8 0.40370833333333334 0.813125 0.14447916666666666 0.07658333333333332
7 0.5347083333333333 0.9331041666666666 0.15783333333333335 0.08122916666666667
5 0.917 0.0535 0.11535416666666666 0.08910416666666668
1 0.5327083333333333 0.04510416666666666 0.15539583333333334 0.08960416666666667
10 0.3970208333333333 0.9326041666666666 0.15177083333333333 0.08702083333333334