9 0.0778125 0.8256875 0.058562499999999997 0.058020833333333334
10 0.3234791666666667 0.8183541666666667 0.0754375 0.07366666666666667
3 0.19470833333333332 0.30664583333333334 0.06427083333333333 0.065
7 0.5649375 0.9414166666666667 0.08197916666666667 0.080375
3 0.3247083333333334 0.18554166666666666 0.0680625 0.0678125
9 0.57275 0.6914166666666667 0.06383333333333334 0.059104166666666666
1 0.9433541666666667 0.057583333333333334 0.090875 0.10052083333333334
3 0.5634791666666668 0.30395833333333333 0.06383333333333334 0.06335416666666667
0 0.19945833333333332 0.17247916666666668 0.07170833333333333 0.080375
9 0.9301666666666667 0.8286041666666667 0.06927083333333334 0.06475
3 0.06335416666666667 0.1857916666666667 0.0678125 0.0704375
3 0.4418958333333334 0.448 0.06304166666666668 0.06256250000000001
5 0.06635416666666667 0.06372916666666667 0.07477083333333333 0.08789583333333333
8 0.45189583333333333 0.807125 0.07860416666666666 0.07385416666666668
6 0.9609375 0.1779791666666667 0.07502083333333333 0.080375
3 0.6875 0.42870833333333336 0.064875 0.06177083333333333
5 0.6733333333333333 0.05204166666666667 0.072875 0.0856875
4 0.42285416666666664 0.052520833333333336 0.07891666666666668 0.10070833333333334
9 0.8042083333333333 0.817375 0.0603125 0.058770833333333335
9 0.3264166666666667 0.7094791666666667 0.059875 0.058562499999999997
2 0.182 0.0545 0.07708333333333334 0.09618750000000001
3 0.8217708333333333 0.4585 0.06110416666666666 0.059666666666666666
9 0.19335416666666666 0.82325 0.06152083333333334 0.05975
11 0.0754375 0.9379791666666667 0.07433333333333333 0.0705625
9 0.4516666666666667 0.57275 0.065 0.0624375
9 0.6918958333333334 0.817875 0.065 0.059541666666666666
11 0.9287083333333332 0.9545833333333333 0.078375 0.07208333333333333
6 0.44825 0.31958333333333333 0.0679375 0.0730625