9 0.7983333333333333 0.8237291666666666 0.12041666666666666 0.060770833333333336
3 0.22352083333333334 0.4343333333333333 0.11316666666666667 0.06427083333333333
6 0.33716666666666667 0.9370208333333333 0.15002083333333335 0.07354166666666666
9 0.463875 0.6962916666666668 0.1145625 0.0559375
9 0.708 0.8105416666666667 0.12177083333333334 0.06635416666666667
9 0.1936041666666667 0.8168958333333334 0.11674999999999999 0.06085416666666667
11 0.07989583333333333 0.92675 0.14391666666666666 0.06658333333333334
0 0.744625 0.18531250000000002 0.11877083333333333 0.065125
7 0.8579166666666667 0.9501875 0.19066666666666665 0.080625
3 0.9576875 0.18822916666666664 0.08462499999999999 0.06560416666666666
5 0.5966875 0.06408333333333334 0.140375 0.08093750000000001
1 0.880375 0.059416666666666666 0.20116666666666666 0.09754166666666667
9 0.9497083333333334 0.67675 0.09589583333333333 0.06197916666666667
4 0.37752083333333336 0.30574999999999997 0.1869375 0.09027083333333333
11 0.692875 0.9565416666666666 0.14416666666666667 0.06939583333333334
5 0.359375 0.050145833333333334 0.1389166666666667 0.08283333333333333
3 0.8492916666666667 0.317625 0.13460416666666666 0.07297916666666666
10 0.75 0.30054166666666665 0.1925 0.08685416666666666
0 0.4908125 0.31485416666666666 0.1556875 0.07985416666666666