0 0.4497083333333334 0.3100625 0.07122916666666666 0.07410416666666667
10 0.32445833333333335 0.8168958333333334 0.07629166666666666 0.07433333333333333
6 0.9594791666666667 0.17627083333333332 0.07597916666666667 0.07977083333333333
7 0.5649375 0.9394583333333333 0.0808125 0.0808125
5 0.06525 0.0624375 0.07239583333333334 0.08495833333333333
3 0.8247083333333334 0.18127083333333335 0.06164583333333333 0.06335416666666667
9 0.9306666666666668 0.8256875 0.06891666666666667 0.06635416666666667
3 0.5639583333333333 0.3029791666666667 0.06585416666666667 0.06383333333333334
3 0.4418958333333334 0.4470208333333333 0.06408333333333334 0.06256250000000001
3 0.6904375 0.3107916666666667 0.06560416666666666 0.065125
2 0.18164583333333334 0.052708333333333336 0.0778125 0.09570833333333333
3 0.19483333333333333 0.30566666666666664 0.06560416666666666 0.06572916666666667
3 0.3237291666666666 0.1857916666666667 0.06720833333333333 0.0676875
5 0.6728541666666668 0.05072916666666667 0.075875 0.08739583333333334
3 0.06347916666666667 0.18433333333333335 0.06816666666666667 0.0704375
0 0.19885416666666667 0.171625 0.07208333333333333 0.07989583333333333
6 0.9433541666666667 0.5605416666666667 0.07752083333333333 0.072875
4 0.4245625 0.051083333333333335 0.07860416666666666 0.09808333333333333
11 0.07575 0.9365208333333332 0.07239583333333334 0.0679375
1 0.8046875 0.049124999999999995 0.08660416666666666 0.09552083333333333
9 0.8037083333333332 0.8159166666666666 0.06097916666666667 0.059104166666666666
9 0.45337500000000003 0.57275 0.06372916666666667 0.0623125
9 0.692875 0.8168958333333334 0.065375 0.059333333333333335
9 0.19408333333333333 0.8207916666666667 0.059875 0.0611875
9 0.32885416666666667 0.7085 0.060083333333333336 0.060083333333333336
9 0.57275 0.6889583333333333 0.06572916666666667 0.06293750000000001
9 0.07764583333333334 0.8247083333333334 0.059333333333333335 0.059000000000000004
8 0.6875 0.6855416666666667 0.0731875 0.07641666666666666
11 0.9287083333333332 0.9526458333333333 0.0778125 0.07239583333333334
2 0.4499583333333333 0.82325 0.07170833333333333 0.07695833333333332