9 0.4472291666666666 0.5729166666666666 0.07777083333333333 0.07083333333333333
9 0.578125 0.8061458333333333 0.0623125 0.06020833333333333
9 0.6909166666666666 0.8144583333333333 0.06720833333333333 0.0614375
9 0.32079166666666664 0.8168958333333334 0.059666666666666666 0.059208333333333335
9 0.80175 0.8139583333333333 0.06310416666666667 0.060520833333333336
9 0.075875 0.82275 0.06197916666666667 0.06110416666666666
9 0.9282291666666667 0.8276458333333333 0.0699375 0.06304166666666668
9 0.19214583333333335 0.8188541666666667 0.05975 0.060770833333333336
8 0.19616666666666666 0.9394583333333333 0.0725 0.0706875
8 0.8110416666666667 0.9448333333333333 0.07597916666666667 0.07489583333333334
7 0.5634791666666668 0.9370208333333333 0.08435416666666667 0.0805
6 0.3149375 0.942875 0.080625 0.07341666666666667
11 0.07410416666666667 0.9350625 0.07160416666666666 0.06964583333333334
11 0.92725 0.9511666666666667 0.080625 0.072875
3 0.32275 0.18285416666666665 0.06902083333333334 0.06841666666666667
3 0.4399375 0.4453125 0.06525 0.064875
3 0.5688541666666667 0.17870833333333333 0.0679375 0.06866666666666667
3 0.8222708333333333 0.17895833333333336 0.06222916666666667 0.06322916666666667
3 0.1796875 0.18127083333333335 0.06560416666666666 0.0674375
2 0.18054166666666666 0.05072916666666667 0.07793749999999999 0.09570833333333333
3 0.9467708333333333 0.17883333333333334 0.0628125 0.06427083333333333
1 0.5512708333333334 0.05225 0.0785 0.09997916666666667
5 0.06293750000000001 0.06041666666666667 0.07079166666666666 0.08539583333333334
0 0.6962916666666668 0.0485 0.07385416666666668 0.08739583333333334
4 0.421875 0.050333333333333334 0.07922916666666667 0.09741666666666667
2 0.82325 0.045875 0.07385416666666668 0.091375
3 0.6914166666666667 0.17614583333333333 0.06560416666666666 0.06408333333333334
0 0.3125 0.050812500000000003 0.0706875 0.08539583333333334
6 0.692875 0.9384791666666668 0.07227083333333333 0.0705625
10 0.4391041666666667 0.9328958333333334 0.08091666666666668 0.08185416666666666
5 0.9441041666666667 0.05272916666666667 0.08097916666666666 0.08877083333333333
3 0.06110416666666666 0.18297916666666666 0.0674375 0.06939583333333334