1 0.7944375 0.0559375 0.09947916666666666 0.09570833333333333
3 0.8037083333333332 0.18725 0.06525 0.059333333333333335
9 0.431875 0.7128958333333333 0.07275000000000001 0.05625
3 0.1813958333333333 0.17114583333333336 0.08008333333333333 0.06585416666666667
9 0.6879791666666667 0.7915 0.06879166666666667 0.06347916666666667
9 0.30883333333333335 0.5483333333333333 0.080375 0.06420833333333334
6 0.16710416666666666 0.7876041666666667 0.09704166666666666 0.07079166666666666
7 0.8002916666666666 0.8212916666666668 0.09172916666666667 0.07825
5 0.049229166666666664 0.05489583333333334 0.0966875 0.08020833333333334
11 0.06560416666666666 0.9160208333333333 0.1043125 0.07708333333333334
5 0.92725 0.4421458333333333 0.07922916666666667 0.06902083333333334
9 0.06560416666666666 0.708 0.08495833333333333 0.06452083333333333
3 0.9399375 0.32739583333333333 0.06572916666666667 0.06152083333333334
9 0.30493750000000003 0.6889583333333333 0.08283333333333333 0.06525
3 0.31152083333333336 0.1695625 0.07752083333333333 0.0679375
2 0.286875 0.3081041666666666 0.093875 0.07422916666666667
3 0.42235416666666664 0.5751875 0.07629166666666666 0.06408333333333334
3 0.5380833333333332 0.45264583333333336 0.06829166666666667 0.0611875
3 0.05664583333333333 0.1691875 0.07922916666666667 0.06464583333333333
11 0.5737291666666666 0.9350625 0.09185416666666667 0.06902083333333334