9 0.44408333333333333 0.8037083333333332 0.08208333333333333 0.07629166666666666
9 0.1745625 0.8134791666666668 0.0730625 0.07629166666666666
9 0.41431250000000003 0.4487291666666666 0.07160416666666666 0.06597916666666667
3 0.8066458333333333 0.16602083333333334 0.07275000000000001 0.06572916666666667
9 0.9550833333333333 0.8012708333333334 0.07170833333333333 0.07183333333333333
3 0.9213958333333333 0.17579166666666665 0.06854166666666667 0.0626875
5 0.9282291666666667 0.06452083333333333 0.08312499999999999 0.0725
0 0.6782291666666667 0.04708333333333334 0.0883125 0.072625
11 0.051187500000000004 0.9506875 0.09570833333333333 0.07922916666666667
9 0.3142083333333333 0.8100625 0.0810625 0.0675625
11 0.9487291666666666 0.9365208333333332 0.07397916666666667 0.07806249999999999
9 0.6943333333333332 0.8164166666666667 0.07385416666666668 0.06420833333333334
9 0.0751875 0.8256875 0.07935416666666667 0.0675625
3 0.6855416666666667 0.18554166666666666 0.0699375 0.06041666666666667
9 0.8037083333333332 0.8168958333333334 0.060083333333333336 0.059958333333333336
7 0.5493125 0.9453125 0.1043125 0.09656250000000001
10 0.45287499999999997 0.9511666666666667 0.11010416666666667 0.09570833333333333
6 0.2934583333333334 0.9160208333333333 0.09368749999999999 0.07666666666666666
4 0.5385833333333333 0.060083333333333336 0.10820833333333332 0.07641666666666666
3 0.3466875 0.16883333333333334 0.075875 0.06645833333333333
8 0.18554166666666666 0.9370208333333333 0.09618750000000001 0.0881875
3 0.21289583333333334 0.182375 0.07502083333333333 0.05654166666666667
0 0.30591666666666667 0.048666666666666664 0.08897916666666666 0.07331249999999999
1 0.4311458333333333 0.059416666666666666 0.11516666666666667 0.07239583333333334
2 0.6875 0.318125 0.08270833333333334 0.07354166666666666
3 0.05677083333333333 0.19958333333333333 0.0706875 0.0706875
3 0.5649375 0.44116666666666665 0.06658333333333334 0.056854166666666664
6 0.18456250000000002 0.4553125 0.09722916666666667 0.07170833333333333
2 0.04577083333333333 0.4353125 0.07366666666666667 0.10210416666666666
8 0.7983333333333333 0.43652083333333336 0.08416666666666667 0.0834375
5 0.060520833333333336 0.04083333333333334 0.06293750000000001 0.06879166666666667