3 0.06097916666666667 0.17750000000000002 0.08508333333333334 0.07122916666666666
3 0.18433333333333335 0.17908333333333332 0.08508333333333334 0.0676875
3 0.28172916666666664 0.41991666666666666 0.08375 0.0674375
5 0.6743125 0.6914166666666667 0.08802083333333334 0.072625
5 0.8037083333333332 0.9521458333333332 0.08166666666666668 0.06829166666666667
1 0.7958958333333332 0.06927083333333334 0.10070833333333334 0.09514583333333333
6 0.6787083333333332 0.8188541666666667 0.08197916666666667 0.0705625
9 0.06304166666666668 0.7202083333333333 0.08910416666666668 0.06695833333333333
3 0.9438541666666667 0.3305625 0.065 0.04779166666666667
3 0.8027291666666667 0.2006875 0.06983333333333334 0.06064583333333333
7 0.05633333333333333 0.5556666666666668 0.10858333333333332 0.07764583333333334
9 0.30516666666666664 0.5551666666666667 0.080625 0.06420833333333334