6 0.29254166666666664 0.8125 0.1305 0.0678125
9 0.421875 0.567375 0.09827083333333334 0.06670833333333334
10 0.90625 0.6884791666666668 0.12683333333333333 0.0755625
9 0.671875 0.5649375 0.09008333333333333 0.06683333333333333
3 0.6728541666666668 0.17064583333333333 0.09235416666666667 0.06645833333333333
8 0.4071458333333334 0.8100625 0.13939583333333333 0.07410416666666667
8 0.5419375 0.4396875 0.1374375 0.07752083333333333
9 0.1779791666666667 0.8032291666666667 0.10125 0.06189583333333334
9 0.29102083333333334 0.69825 0.09845833333333333 0.059541666666666666
6 0.9023541666666667 0.5747083333333334 0.11127083333333333 0.07610416666666667
4 0.2680208333333333 0.1741875 0.15622916666666667 0.097
11 0.060520833333333336 0.9370208333333333 0.11877083333333333 0.0755625
0 0.42310416666666667 0.3081041666666666 0.12445833333333334 0.075875
3 0.41454166666666664 0.43554166666666666 0.09283333333333334 0.057791666666666665
3 0.5297916666666667 0.2993125 0.09856250000000001 0.0674375
3 0.92675 0.17675000000000002 0.08727083333333334 0.06670833333333334
9 0.9238333333333333 0.8032291666666667 0.08727083333333334 0.06645833333333333
1 0.7783125 0.050604166666666665 0.14539583333333334 0.09997916666666667
2 0.667 0.3012708333333334 0.12597916666666667 0.07531249999999999
3 0.05654166666666667 0.43724999999999997 0.1045 0.06335416666666667
5 0.296875 0.04125 0.1274375 0.08247916666666667
0 0.05541666666666667 0.29320833333333335 0.1070625 0.07397916666666667
2 0.41529166666666667 0.16870833333333335 0.12658333333333333 0.07793749999999999
9 0.051854166666666666 0.8086041666666667 0.10016666666666667 0.06310416666666667
3 0.8066458333333333 0.29760416666666667 0.09039583333333333 0.064875
9 0.80225 0.5542083333333333 0.08679166666666666 0.059000000000000004
5 0.06020833333333333 0.043520833333333335 0.11737500000000001 0.0808125
7 0.7814791666666667 0.9330208333333334 0.1515625 0.07989583333333333
3 0.16589583333333333 0.55175 0.10339583333333334 0.06452083333333333
11 0.6582083333333333 0.9414166666666667 0.11797916666666668 0.06879166666666667