11 0.92675 0.9257916666666667 0.1065 0.0701875
9 0.17675000000000002 0.8037083333333332 0.10210416666666666 0.06475
11 0.05697916666666667 0.9408333333333334 0.11395833333333334 0.07810416666666667
9 0.28954166666666664 0.69825 0.09912499999999999 0.059958333333333336
9 0.051083333333333335 0.8115208333333332 0.10052083333333334 0.06347916666666667
6 0.29160416666666666 0.8125 0.1305 0.0678125
7 0.5324583333333334 0.932125 0.16152083333333334 0.0808125
6 0.7753958333333333 0.6918958333333334 0.11870833333333333 0.07485416666666667
3 0.6713958333333333 0.171875 0.09418750000000001 0.06695833333333333
9 0.5498125 0.7016666666666667 0.0915625 0.06360416666666667
9 0.42870833333333336 0.5620208333333333 0.09789583333333333 0.06347916666666667
2 0.6635833333333333 0.30175 0.124625 0.0754375
3 0.41370833333333334 0.43697916666666664 0.097 0.059520833333333335
3 0.5285208333333333 0.2998125 0.0980625 0.06670833333333334
9 0.6694375 0.567375 0.0935 0.0655
4 0.2659375 0.17520833333333333 0.15533333333333335 0.09743750000000001
9 0.9238333333333333 0.80175 0.08989583333333333 0.0706875
0 0.05260416666666667 0.2960625 0.10229166666666667 0.076625
5 0.0584375 0.04410416666666667 0.11474999999999999 0.08770833333333333
8 0.5403333333333333 0.4418958333333334 0.13360416666666666 0.079625
3 0.05389583333333334 0.43822916666666667 0.10375 0.06427083333333333
3 0.286625 0.29320833333333335 0.09997916666666667 0.065375
3 0.9248125 0.17750000000000002 0.08979166666666667 0.06670833333333334
3 0.8051666666666667 0.17639583333333334 0.09283333333333334 0.06927083333333334
9 0.796875 0.8062916666666666 0.0855625 0.06252083333333333
5 0.6811041666666667 0.040937499999999995 0.11916666666666667 0.08187499999999999
3 0.1518958333333333 0.29460416666666667 0.11108333333333334 0.06814583333333334
0 0.4185833333333333 0.30924999999999997 0.1286875 0.08079166666666666
2 0.4121875 0.1705 0.13572916666666668 0.08516666666666667
1 0.7791250000000001 0.052187500000000005 0.14839583333333334 0.10437500000000001
8 0.40075000000000005 0.814125 0.14887499999999998 0.08239583333333332
10 0.4005208333333333 0.9290416666666667 0.1531875 0.08358333333333333