3 0.5610416666666667 0.3012708333333334 0.06464583333333333 0.06439583333333333
3 0.4396875 0.44556250000000003 0.06304166666666668 0.06310416666666667
7 0.20154166666666665 0.8154375 0.080625 0.07964583333333333
3 0.6860416666666667 0.4257916666666667 0.06452083333333333 0.0623125
8 0.8149375 0.453125 0.0754375 0.0751875
9 0.1936041666666667 0.7026458333333333 0.059104166666666666 0.057708333333333334
9 0.708 0.5698333333333333 0.06335416666666667 0.058770833333333335
9 0.32689583333333333 0.7085 0.059000000000000004 0.059000000000000004
3 0.1936041666666667 0.30541666666666667 0.06610416666666667 0.06597916666666667
9 0.57275 0.6889583333333333 0.06041666666666667 0.06189583333333334
1 0.8271458333333332 0.18408333333333332 0.08508333333333334 0.09770833333333333
2 0.7011666666666667 0.30272916666666666 0.0755625 0.08758333333333333
0 0.44464583333333335 0.16760416666666667 0.07295833333333333 0.08166666666666668
6 0.43702083333333336 0.682625 0.06964583333333334 0.06891666666666667
3 0.32397916666666665 0.18531250000000002 0.06866666666666667 0.06939583333333334
10 0.5776458333333333 0.8095625 0.07610416666666667 0.07489583333333334
9 0.07654166666666667 0.82325 0.059541666666666666 0.0584375
9 0.44897916666666665 0.5707916666666667 0.06420833333333334 0.06420833333333334
3 0.8207916666666667 0.5908125 0.059333333333333335 0.058229166666666665
3 0.06322916666666667 0.4497083333333334 0.06983333333333334 0.06708333333333334
9 0.8012708333333334 0.703125 0.06427083333333333 0.059104166666666666
4 0.5532291666666667 0.049875 0.07891666666666668 0.09722916666666667