3 0.8344791666666667 0.16699999999999998 0.06914583333333332 0.0623125
3 0.6875 0.17785416666666667 0.07147916666666668 0.0623125
3 0.557625 0.17529166666666668 0.07641666666666666 0.06322916666666667
3 0.0706875 0.1857916666666667 0.083 0.06395833333333333
3 0.43652083333333336 0.1746875 0.07227083333333333 0.058770833333333335
5 0.0778125 0.05460416666666667 0.09435416666666667 0.07239583333333334
3 0.177 0.18114583333333334 0.07977083333333333 0.06310416666666667
3 0.318125 0.17956249999999999 0.07977083333333333 0.06395833333333333
3 0.9472708333333333 0.1657708333333333 0.0676875 0.06310416666666667
2 0.8154375 0.04485416666666667 0.075875 0.07433333333333333
9 0.5610416666666667 0.8100625 0.07091666666666667 0.060520833333333336
1 0.55175 0.043770833333333335 0.0881875 0.07641666666666666
2 0.18335416666666668 0.06064583333333333 0.08464583333333334 0.07227083333333333
5 0.9594791666666667 0.04510416666666666 0.07764583333333334 0.0706875
0 0.6987291666666666 0.041229166666666664 0.07935416666666667 0.07227083333333333
9 0.43041666666666667 0.5629791666666667 0.07641666666666666 0.06383333333333334
9 0.8105416666666667 0.8061458333333333 0.06610416666666667 0.06041666666666667
9 0.3100625 0.8144583333333333 0.07397916666666667 0.060083333333333336
9 0.6840833333333334 0.7983333333333333 0.072625 0.06597916666666667
7 0.559375 0.9460833333333334 0.109375 0.10777083333333333
11 0.9492291666666667 0.9340833333333334 0.07629166666666666 0.07477083333333333
9 0.05560416666666667 0.8056666666666668 0.0810625 0.064875
6 0.6933541666666667 0.92675 0.08020833333333334 0.07422916666666667
9 0.1892083333333333 0.8066458333333333 0.08239583333333332 0.07531249999999999
8 0.80175 0.9306666666666668 0.09235416666666667 0.07629166666666666
8 0.18433333333333335 0.9379791666666667 0.08416666666666667 0.07147916666666668
6 0.30835416666666665 0.9336041666666667 0.09283333333333334 0.08416666666666667
9 0.9448333333333333 0.8086041666666667 0.06658333333333334 0.06210416666666666
10 0.41675 0.9433541666666667 0.10877083333333333 0.09331249999999999