6 0.29225 0.8134791666666668 0.13289583333333332 0.06866666666666667
3 0.1545416666666667 0.29564583333333333 0.10033333333333333 0.06597916666666667
3 0.6713958333333333 0.171625 0.09504166666666666 0.06695833333333333
4 0.26495833333333335 0.177125 0.14841666666666667 0.093875
8 0.5434583333333334 0.44116666666666665 0.13404166666666667 0.0785
2 0.6645416666666667 0.30175 0.12512500000000001 0.0754375
0 0.4201666666666667 0.3095625 0.124625 0.07452083333333334
3 0.5268541666666666 0.3007916666666667 0.0989375 0.06658333333333334
3 0.05339583333333333 0.4389583333333333 0.10302083333333334 0.06383333333333334
9 0.17652083333333335 0.8037083333333332 0.09874999999999999 0.065
8 0.40670833333333334 0.8110416666666667 0.138125 0.072875
0 0.05291666666666666 0.2941875 0.10358333333333333 0.0725
9 0.42602083333333335 0.5634791666666668 0.09589583333333333 0.06304166666666668
3 0.9243125 0.177125 0.08897916666666666 0.06683333333333333
1 0.7773541666666667 0.05283333333333333 0.145625 0.09722916666666667
9 0.671875 0.567375 0.09252083333333333 0.06464583333333333
9 0.7978541666666668 0.8037083333333332 0.08691666666666667 0.058895833333333335
9 0.29102083333333334 0.6987291666666666 0.0993125 0.0584375
9 0.9238333333333333 0.80175 0.090875 0.0679375
2 0.4108958333333333 0.17004166666666667 0.12891666666666668 0.07891666666666668
9 0.049958333333333334 0.8120208333333333 0.09979166666666667 0.06177083333333333
3 0.8066458333333333 0.17627083333333332 0.09204166666666666 0.06914583333333332
6 0.9033125 0.5776458333333333 0.11260416666666666 0.0754375
3 0.29662499999999997 0.44116666666666665 0.0989375 0.06222916666666667
11 0.9262708333333334 0.9248125 0.10797916666666667 0.06914583333333332
5 0.058770833333333335 0.044270833333333336 0.115 0.08802083333333334
11 0.06110416666666666 0.9394583333333333 0.11737500000000001 0.07752083333333333
5 0.6824791666666666 0.04045833333333334 0.11754166666666667 0.0808125
9 0.546875 0.69825 0.09039583333333333 0.06560416666666666
7 0.5302291666666666 0.932125 0.16404166666666667 0.07945833333333334
3 0.41381249999999997 0.43724999999999997 0.09283333333333334 0.058770833333333335
10 0.6435416666666666 0.6855416666666667 0.14629166666666665 0.07433333333333333