3 0.9399375 0.3295833333333333 0.06475 0.0614375
3 0.8027291666666667 0.18908333333333335 0.06572916666666667 0.059541666666666666
3 0.536125 0.45385416666666667 0.0699375 0.0624375
5 0.04854166666666667 0.056125 0.09708333333333334 0.08135416666666666
3 0.31372916666666667 0.17114583333333336 0.0834375 0.06670833333333334
5 0.6796875 0.045187500000000005 0.08691666666666667 0.07860416666666666
3 0.182 0.171875 0.08227083333333333 0.06695833333333333
6 0.166625 0.7876041666666667 0.09770833333333333 0.06854166666666667
9 0.431875 0.7123958333333333 0.07385416666666668 0.057291666666666664
3 0.05602083333333333 0.17114583333333336 0.08093750000000001 0.065125
9 0.06293750000000001 0.7089791666666667 0.08679166666666666 0.0675625
9 0.2944375 0.7089791666666667 0.07904166666666666 0.065375
3 0.4233333333333333 0.4340833333333334 0.07904166666666666 0.06439583333333333
11 0.06335416666666667 0.9174791666666666 0.1045 0.07629166666666666
2 0.286875 0.3103125 0.09204166666666666 0.07208333333333333
9 0.6865208333333332 0.7929791666666667 0.07091666666666667 0.06293750000000001
9 0.6782291666666667 0.6840833333333334 0.07104166666666667 0.06164583333333333
11 0.5742291666666667 0.9370208333333333 0.09331249999999999 0.0679375
9 0.31372916666666667 0.7729583333333333 0.08166666666666668 0.060083333333333336
1 0.7934583333333334 0.058770833333333335 0.09789583333333333 0.09331249999999999
10 0.43872916666666667 0.8046875 0.11047916666666667 0.0706875
9 0.9233333333333333 0.7055625 0.06610416666666667 0.058562499999999997
4 0.442375 0.049875 0.10877083333333333 0.09075000000000001
7 0.8159166666666666 0.9409166666666666 0.09252083333333333 0.07793749999999999