9 0.7902708333333333 0.6951458333333334 0.10277083333333333 0.07916666666666666
9 0.9336041666666667 0.8164166666666667 0.09570833333333333 0.06152083333333334
9 0.6811458333333333 0.8168958333333334 0.0935 0.06585416666666667
9 0.5561458333333333 0.4375 0.1039375 0.07452083333333334
3 0.7972916666666666 0.31297916666666664 0.08527083333333334 0.06420833333333334
0 0.6430625 0.06464583333333333 0.11841666666666667 0.09172916666666667
8 0.3995625 0.4296875 0.13654166666666667 0.091375
3 0.6924166666666667 0.18575 0.09954166666666667 0.07877083333333333
3 0.5615208333333332 0.17895833333333336 0.096 0.06866666666666667
3 0.9296875 0.18958333333333333 0.08979166666666667 0.0700625
3 0.0553125 0.18643749999999998 0.10552083333333333 0.0734375
11 0.15845833333333334 0.19502083333333334 0.13916666666666666 0.08693749999999999
5 0.05541666666666667 0.838375 0.10877083333333333 0.07183333333333333
7 0.8154375 0.9394583333333333 0.14416666666666667 0.08495833333333333
1 0.7611666666666667 0.20102083333333332 0.15370833333333334 0.114875