9 0.5416666666666666 0.4673541666666667 0.1055625 0.07639583333333334
9 0.6787083333333332 0.8183541666666667 0.0915625 0.06560416666666666
9 0.9277291666666667 0.8144583333333333 0.08739583333333334 0.06164583333333333
11 0.9365208333333332 0.9521458333333332 0.115 0.07227083333333333
11 0.06347916666666667 0.9589791666666667 0.12597916666666667 0.07366666666666667
6 0.674875 0.9521458333333332 0.12683333333333333 0.07341666666666667
9 0.15652083333333333 0.8203541666666666 0.11122916666666667 0.06135416666666667
5 0.9150416666666668 0.043458333333333335 0.11633333333333334 0.08691666666666667
3 0.4296875 0.17956249999999999 0.096375 0.06720833333333333
8 0.7944583333333333 0.9453125 0.12172916666666667 0.07464583333333333
2 0.3891666666666667 0.4392083333333333 0.12683333333333333 0.07464583333333333
3 0.057708333333333334 0.18627083333333333 0.10266666666666667 0.0706875
0 0.2941875 0.04654166666666667 0.1305 0.0886875
5 0.059666666666666666 0.04154166666666667 0.11920833333333333 0.08166666666666668
3 0.9287083333333332 0.18635416666666668 0.08660416666666666 0.07170833333333333
3 0.17602083333333332 0.190375 0.10016666666666667 0.0679375
2 0.1691875 0.049229166666666664 0.13341666666666668 0.08385416666666666
3 0.4311458333333333 0.567875 0.11737500000000001 0.06879166666666667
9 0.796875 0.8055833333333333 0.0863125 0.06520833333333334
8 0.18675 0.9732708333333334 0.13125 0.05345833333333334
9 0.04820833333333333 0.8034166666666667 0.0964375 0.07904166666666666
9 0.5239166666666667 0.9306666666666668 0.18712499999999999 0.08600000000000001