3 0.6840833333333334 0.17579166666666665 0.07331249999999999 0.06408333333333334
5 0.050604166666666665 0.05460416666666667 0.10070833333333334 0.08020833333333334
9 0.6879791666666667 0.7910208333333333 0.07477083333333333 0.065125
3 0.4467708333333333 0.16504166666666667 0.07739583333333333 0.06439583333333333
9 0.4282291666666667 0.817375 0.07666666666666666 0.0613125
9 0.3007916666666667 0.7822291666666668 0.07531249999999999 0.06383333333333334
3 0.317875 0.16772916666666668 0.08270833333333334 0.06829166666666667
8 0.18433333333333335 0.9282291666666667 0.0935 0.07641666666666666
9 0.18433333333333335 0.8105416666666667 0.08122916666666667 0.06670833333333334
3 0.5405208333333333 0.45214583333333336 0.0703125 0.06189583333333334
0 0.32275 0.044520833333333336 0.09656250000000001 0.0805
3 0.0614375 0.16735416666666666 0.0863125 0.06293750000000001
2 0.8256875 0.058895833333333335 0.07452083333333334 0.08770833333333333
9 0.07122916666666666 0.8037083333333332 0.08495833333333333 0.064875
8 0.6899375 0.6865208333333332 0.07964583333333333 0.07433333333333333
3 0.9140625 0.17579166666666665 0.06572916666666667 0.06335416666666667
9 0.8090833333333334 0.7876041666666667 0.0703125 0.06197916666666667
3 0.807125 0.18652083333333333 0.0700625 0.0603125
6 0.29760416666666667 0.9336041666666667 0.09570833333333333 0.06731250000000001
2 0.292 0.307375 0.09185416666666667 0.07410416666666667
9 0.9292083333333333 0.7983333333333333 0.06427083333333333 0.060520833333333336
6 0.5586041666666667 0.5566458333333333 0.0754375 0.065
11 0.9189375 0.9228541666666668 0.07752083333333333 0.06854166666666667
3 0.18531250000000002 0.16960416666666667 0.08197916666666667 0.06731250000000001
6 0.6782291666666667 0.9194375 0.08270833333333334 0.06879166666666667
0 0.6948333333333333 0.051541666666666666 0.08647916666666666 0.08539583333333334
10 0.401125 0.9345625 0.11339583333333333 0.0754375
7 0.5659166666666666 0.9311458333333333 0.109125 0.07695833333333332
11 0.06622916666666666 0.9145416666666667 0.09912499999999999 0.07452083333333334
4 0.453125 0.049416666666666664 0.11633333333333334 0.09075000000000001
1 0.543125 0.04895833333333333 0.12272916666666665 0.08929166666666667