8 0.43847916666666664 0.8168958333333334 0.07341666666666667 0.07422916666666667
9 0.8042083333333333 0.8139583333333333 0.06177083333333333 0.059104166666666666
10 0.442625 0.9345625 0.07935416666666667 0.0755625
9 0.32885416666666667 0.7085 0.0614375 0.057708333333333334
0 0.31372916666666667 0.05260416666666667 0.07147916666666668 0.08527083333333334
11 0.07764583333333334 0.9355416666666667 0.07422916666666667 0.06939583333333334
2 0.7075208333333334 0.2876041666666667 0.07666666666666666 0.08447916666666666
7 0.5659166666666666 0.9379791666666667 0.08283333333333333 0.07891666666666668
3 0.8256875 0.1794375 0.060770833333333336 0.06372916666666667
3 0.5644583333333333 0.3000416666666667 0.06708333333333334 0.06585416666666667
6 0.6948333333333333 0.9394583333333333 0.07422916666666667 0.07275000000000001
5 0.065125 0.060520833333333336 0.0706875 0.08477083333333332
2 0.18225 0.052437500000000005 0.07597916666666667 0.094
9 0.4506875 0.5722708333333333 0.0704375 0.06210416666666666
3 0.9492291666666667 0.17920833333333333 0.06164583333333333 0.06395833333333333
3 0.6933541666666667 0.177 0.064875 0.06452083333333333
0 0.4499583333333333 0.30835416666666665 0.0704375 0.07422916666666667
8 0.8139583333333333 0.9457916666666667 0.0704375 0.07366666666666667
3 0.19483333333333333 0.3046875 0.06464583333333333 0.06560416666666666
3 0.065375 0.18370833333333333 0.06683333333333333 0.06866666666666667
9 0.6938541666666667 0.8154375 0.06635416666666667 0.0611875
1 0.55175 0.05225 0.07739583333333333 0.10052083333333334
9 0.07879166666666666 0.8237291666666666 0.059541666666666666 0.0584375
3 0.32445833333333335 0.18408333333333332 0.06866666666666667 0.06964583333333334
3 0.442375 0.44579166666666664 0.06395833333333333 0.06360416666666667
9 0.9311458333333333 0.8207916666666667 0.06902083333333334 0.07079166666666666
9 0.193 0.8193333333333332 0.05975 0.058770833333333335
6 0.8046875 0.682125 0.075875 0.06866666666666667
4 0.4243125 0.051083333333333335 0.0805 0.09808333333333333
11 0.9296875 0.9506875 0.07752083333333333 0.07091666666666667
9 0.57275 0.6879791666666667 0.06304166666666668 0.06189583333333334
5 0.9472708333333333 0.052708333333333336 0.0785 0.08710416666666668