1 0.7929791666666667 0.058895833333333335 0.10108333333333334 0.09485416666666667
3 0.18164583333333334 0.17285416666666667 0.08312499999999999 0.0675625
9 0.4296875 0.7143541666666666 0.06939583333333334 0.05552083333333333
11 0.06464583333333333 0.9179791666666667 0.1045 0.0755625
5 0.049229166666666664 0.05664583333333333 0.09808333333333333 0.0808125
3 0.057791666666666665 0.17029166666666665 0.08416666666666667 0.06695833333333333
5 0.5478541666666668 0.044520833333333336 0.08947916666666668 0.07945833333333334
3 0.3146875 0.17077083333333334 0.08122916666666667 0.06731250000000001
9 0.2946875 0.7094791666666667 0.07945833333333334 0.065125
9 0.31275000000000003 0.7724583333333332 0.07879166666666666 0.06256250000000001
9 0.6860416666666667 0.7939375 0.07183333333333333 0.0624375
3 0.42260416666666667 0.4340833333333334 0.07793749999999999 0.06360416666666667
7 0.8207916666666667 0.9404375 0.09722916666666667 0.08252083333333333
9 0.8061458333333333 0.7905208333333333 0.0704375 0.0624375
9 0.06395833333333333 0.7104583333333333 0.0855625 0.06658333333333334
9 0.9228541666666668 0.7065416666666666 0.06572916666666667 0.058770833333333335
6 0.292 0.9345625 0.09770833333333333 0.06891666666666667
2 0.2873541666666667 0.3093333333333333 0.09514583333333333 0.07331249999999999
10 0.39818749999999997 0.9350625 0.11339583333333333 0.07575
11 0.57325 0.9365208333333332 0.09252083333333333 0.06829166666666667
8 0.6855416666666667 0.6884791666666668 0.0805 0.07331249999999999
4 0.44408333333333333 0.04958333333333333 0.11474999999999999 0.0915625
3 0.5356458333333334 0.45360416666666664 0.06891666666666667 0.06189583333333334
3 0.9404375 0.3298333333333333 0.06670833333333334 0.06210416666666666
3 0.8037083333333332 0.18895833333333334 0.06670833333333334 0.059875
0 0.9306666666666668 0.45239583333333333 0.078375 0.06952083333333332