10 0.4414166666666667 0.9345625 0.07793749999999999 0.075875
7 0.5644583333333333 0.9384791666666668 0.08239583333333332 0.08166666666666668
2 0.182125 0.051666666666666666 0.07708333333333334 0.093875
0 0.4499583333333333 0.3086041666666667 0.07091666666666667 0.07464583333333333
8 0.43677083333333333 0.8164166666666667 0.07341666666666667 0.07331249999999999
3 0.5634791666666668 0.3007916666666667 0.06572916666666667 0.064875
9 0.3303125 0.7089791666666667 0.057291666666666664 0.057291666666666664
0 0.19910416666666667 0.17004166666666667 0.07170833333333333 0.08020833333333334
3 0.4414166666666667 0.4453125 0.06439583333333333 0.06304166666666668
9 0.8037083333333332 0.8154375 0.06085416666666667 0.059000000000000004
11 0.07641666666666666 0.9355416666666667 0.07275000000000001 0.06927083333333334
5 0.06635416666666667 0.0611875 0.072625 0.08527083333333334
3 0.9487291666666666 0.17883333333333334 0.06164583333333333 0.06293750000000001
3 0.692875 0.17589583333333333 0.06695833333333333 0.06658333333333334
9 0.07752083333333333 0.82325 0.06310416666666667 0.06256250000000001
4 0.4250416666666667 0.051270833333333335 0.07945833333333334 0.09722916666666667
3 0.8251875 0.18066666666666667 0.0611875 0.06322916666666667
1 0.8046875 0.04820833333333333 0.08435416666666667 0.09320833333333334
3 0.06427083333333333 0.18433333333333335 0.0678125 0.0699375
9 0.4501875 0.5703125 0.06902083333333334 0.06408333333333334
3 0.3237291666666666 0.18554166666666666 0.06695833333333333 0.0680625
9 0.19372916666666665 0.8203125 0.06020833333333333 0.058895833333333335
3 0.19433333333333333 0.30443749999999997 0.06464583333333333 0.06525
9 0.9296875 0.8266666666666667 0.06983333333333334 0.06310416666666667
9 0.5712916666666668 0.6894583333333333 0.06597916666666667 0.0628125
5 0.6733333333333333 0.049041666666666664 0.07341666666666667 0.08770833333333333
2 0.7070416666666667 0.286375 0.07452083333333334 0.0863125
9 0.692875 0.8154375 0.06197916666666667 0.059416666666666666
6 0.8046875 0.682125 0.07695833333333332 0.07195833333333333
11 0.9277291666666667 0.9516666666666667 0.07641666666666666 0.07160416666666666
8 0.6870208333333333 0.6836041666666667 0.07122916666666666 0.07477083333333333
6 0.43775000000000003 0.6874166666666667 0.0705625 0.07108333333333333