3 0.6865208333333332 0.42870833333333336 0.0655 0.0624375
6 0.43797916666666664 0.6855416666666667 0.07208333333333333 0.07079166666666666
9 0.32837500000000003 0.7119166666666668 0.05697916666666667 0.059208333333333335
3 0.5629791666666667 0.30493750000000003 0.06475 0.06427083333333333
9 0.19420833333333334 0.7065416666666666 0.059208333333333335 0.057791666666666665
3 0.3168958333333334 0.29735416666666664 0.06658333333333334 0.0674375
3 0.4406666666666667 0.4487291666666666 0.06293750000000001 0.06222916666666667
0 0.44556250000000003 0.17139583333333333 0.0699375 0.08122916666666667
3 0.19397916666666667 0.30835416666666665 0.06597916666666667 0.06720833333333333
9 0.7065416666666666 0.5688541666666667 0.06304166666666668 0.06439583333333333
9 0.08416666666666667 0.5747083333333334 0.0570625 0.057708333333333334
8 0.8154375 0.4570416666666667 0.07531249999999999 0.07195833333333333
9 0.5722708333333333 0.6918958333333334 0.06439583333333333 0.0623125
1 0.828125 0.18737499999999999 0.0856875 0.09704166666666666
9 0.4484791666666667 0.5742291666666667 0.065 0.0628125
3 0.8217708333333333 0.5932708333333333 0.058895833333333335 0.057791666666666665
3 0.06372916666666667 0.45264583333333336 0.06829166666666667 0.06635416666666667
7 0.20154166666666665 0.8188541666666667 0.08283333333333333 0.07945833333333334
9 0.8037083333333332 0.7065416666666666 0.06256250000000001 0.0570625
4 0.5546041666666667 0.0519375 0.0816875 0.10052083333333334
2 0.9521458333333332 0.45116666666666666 0.08283333333333333 0.07502083333333333
10 0.9306666666666668 0.5825208333333334 0.08897916666666666 0.080375