9 0.5541666666666667 0.44375 0.11110416666666666 0.07360416666666666
11 0.5566458333333333 0.9433541666666667 0.1223125 0.07610416666666667
9 0.6806666666666668 0.817375 0.09466666666666666 0.06902083333333334
10 0.5170833333333333 0.5532291666666667 0.13843750000000002 0.07904166666666666
2 0.5151458333333333 0.2790625 0.12189583333333333 0.08647916666666666
9 0.9292083333333333 0.8154375 0.08710416666666668 0.06189583333333334
9 0.7988333333333333 0.8051666666666667 0.09039583333333333 0.06525
9 0.04672916666666667 0.8007916666666667 0.08979166666666667 0.06310416666666667
6 0.27120833333333333 0.7036041666666667 0.13210416666666666 0.06983333333333334
3 0.057916666666666665 0.18689583333333332 0.10577083333333334 0.06964583333333334
9 0.15637500000000001 0.8149375 0.09770833333333333 0.0655
3 0.5625 0.17760416666666667 0.09618750000000001 0.0676875
7 0.8149375 0.9404375 0.14172916666666666 0.0805
3 0.796875 0.31275000000000003 0.0855625 0.06335416666666667
0 0.7885833333333333 0.18456250000000002 0.11145833333333334 0.080375
11 0.06372916666666667 0.9589791666666667 0.1274375 0.07160416666666666
5 0.16491666666666666 0.0410625 0.12793749999999998 0.082125
4 0.4030833333333333 0.047125 0.14758333333333334 0.09422916666666666
8 0.18735416666666668 0.9732500000000001 0.13822916666666665 0.05352083333333334
3 0.9306666666666668 0.18872916666666667 0.08770833333333333 0.06983333333333334
3 0.6904375 0.18958333333333333 0.09058333333333332 0.06879166666666667
5 0.6699166666666667 0.048854166666666664 0.122125 0.09252083333333333
1 0.7880833333333332 0.05633333333333333 0.14539583333333334 0.10839583333333333