3 0.30493750000000003 0.16722916666666665 0.080375 0.06304166666666668
3 0.17247916666666668 0.17908333333333332 0.07891666666666668 0.06310416666666667
11 0.5542083333333333 0.8134791666666668 0.08283333333333333 0.072875
0 0.0468125 0.5395416666666667 0.09302083333333333 0.0706875
9 0.05204166666666667 0.8042083333333333 0.08239583333333332 0.06408333333333334
3 0.05260416666666667 0.41039583333333335 0.0805 0.06335416666666667
9 0.807625 0.8037083333333332 0.065125 0.059541666666666666
0 0.3081041666666666 0.42870833333333336 0.09331249999999999 0.07410416666666667
3 0.8183541666666667 0.4282291666666667 0.06854166666666667 0.06408333333333334
9 0.3168958333333334 0.5542083333333333 0.0778125 0.06464583333333333
9 0.567375 0.182375 0.07331249999999999 0.06322916666666667
6 0.7045833333333333 0.29125 0.0810625 0.0679375
3 0.9365208333333332 0.30054166666666665 0.06670833333333334 0.06427083333333333
1 0.2834375 0.05370833333333334 0.11029166666666666 0.07641666666666666
5 0.5707916666666667 0.04091666666666667 0.08416666666666667 0.07239583333333334
9 0.6811458333333333 0.7973541666666667 0.072625 0.06597916666666667
7 0.8237291666666666 0.9038125 0.09685416666666667 0.08600000000000001
9 0.9443333333333332 0.6606458333333334 0.06585416666666667 0.06197916666666667
8 0.5600625 0.43383333333333335 0.10266666666666667 0.07091666666666667