8 0.8090833333333334 0.3266666666666667 0.0861875 0.07160416666666666
3 0.807625 0.16870833333333335 0.0703125 0.06475
0 0.29004166666666664 0.4475 0.09485416666666667 0.07489583333333334
3 0.18370833333333333 0.17981250000000001 0.07720833333333334 0.059666666666666666
9 0.9550833333333333 0.8056666666666668 0.07135416666666666 0.06952083333333332
3 0.9340833333333334 0.328125 0.06879166666666667 0.06408333333333334
2 0.6860416666666667 0.32006249999999997 0.08179166666666667 0.07160416666666666
6 0.5615208333333332 0.708 0.090875 0.07739583333333333
4 0.5595625 0.317625 0.1039375 0.0730625
5 0.4080416666666667 0.5878958333333333 0.09058333333333332 0.0730625
9 0.6909166666666666 0.8149375 0.07752083333333333 0.07135416666666666
9 0.17785416666666667 0.817875 0.07654166666666667 0.06902083333333334
3 0.3093333333333333 0.18408333333333332 0.07806249999999999 0.06420833333333334
9 0.8051666666666667 0.8212916666666668 0.06464583333333333 0.06304166666666668
7 0.8310625 0.9623958333333333 0.09827083333333334 0.07135416666666666
10 0.6816458333333333 0.671875 0.10229166666666667 0.08691666666666667
11 0.5756875 0.9506875 0.09039583333333333 0.083
1 0.28197916666666667 0.05633333333333333 0.1171875 0.080625
9 0.5439375 0.5688541666666667 0.07422916666666667 0.06322916666666667
8 0.3095625 0.6743125 0.0993125 0.08020833333333334
3 0.05975 0.19945833333333332 0.0754375 0.06560416666666666
9 0.3098125 0.8139583333333333 0.07654166666666667 0.06585416666666667
2 0.2946875 0.31202083333333336 0.09204166666666666 0.07366666666666667
9 0.07739583333333333 0.8237291666666666 0.0856875 0.06670833333333334