3 0.6875 0.4282291666666667 0.064875 0.06310416666666667
3 0.4414166666666667 0.4484791666666667 0.0623125 0.0628125
9 0.45264583333333336 0.5756875 0.0626875 0.059958333333333336
9 0.2990625 0.5698333333333333 0.05975 0.058895833333333335
3 0.20227083333333334 0.5639583333333333 0.06829166666666667 0.0680625
3 0.5644583333333333 0.30420833333333336 0.065 0.06525
6 0.4399375 0.6850625 0.07208333333333333 0.07104166666666667
4 0.0603125 0.06610416666666667 0.07695833333333332 0.10016666666666667
0 0.44727083333333334 0.17004166666666667 0.0703125 0.0834375
3 0.82325 0.5932708333333333 0.058229166666666665 0.0584375
3 0.06427083333333333 0.5707916666666667 0.065 0.064875
9 0.1953125 0.7041041666666668 0.06020833333333333 0.058895833333333335
9 0.57325 0.6914166666666667 0.06293750000000001 0.06395833333333333
9 0.7089791666666667 0.5693333333333332 0.0623125 0.06189583333333334
2 0.6733333333333333 0.32616666666666666 0.07964583333333333 0.07764583333333334
8 0.817875 0.4553125 0.07793749999999999 0.0731875
9 0.8042083333333333 0.7045833333333333 0.0626875 0.058895833333333335
1 0.8300833333333333 0.18652083333333333 0.08527083333333334 0.09979166666666667
7 0.20179166666666667 0.8168958333333334 0.08404166666666667 0.08404166666666667
10 0.0559375 0.9409166666666666 0.07385416666666668 0.08270833333333334