6 0.5488333333333333 0.8154375 0.07147916666666668 0.06927083333333334
3 0.44116666666666665 0.44556250000000003 0.06310416666666667 0.06360416666666667
4 0.44556250000000003 0.31372916666666667 0.0785 0.0886875
3 0.6875 0.4257916666666667 0.06525 0.06304166666666668
9 0.07654166666666667 0.8237291666666666 0.057791666666666665 0.058020833333333334
3 0.5634791666666668 0.3015208333333333 0.065375 0.06464583333333333
3 0.0623125 0.18310416666666668 0.0680625 0.0706875
0 0.19885416666666667 0.1694375 0.07104166666666667 0.08135416666666666
10 0.32397916666666665 0.8149375 0.07654166666666667 0.07477083333333333
3 0.19420833333333334 0.30395833333333333 0.065375 0.06622916666666666
9 0.5722708333333333 0.6875 0.06347916666666667 0.06110416666666666
9 0.19275 0.8198333333333333 0.06189583333333334 0.059104166666666666
9 0.4501875 0.5712916666666668 0.06304166666666668 0.06085416666666667
3 0.3234791666666667 0.18285416666666665 0.06829166666666667 0.06964583333333334
9 0.8027291666666667 0.8139583333333333 0.06197916666666667 0.06020833333333333
7 0.32787499999999997 0.9243125 0.0810625 0.07891666666666668
3 0.8222708333333333 0.5903333333333334 0.05864583333333333 0.057708333333333334
5 0.065125 0.06110416666666666 0.07275000000000001 0.08587499999999999
9 0.32739583333333333 0.7070416666666667 0.059416666666666666 0.059541666666666666
11 0.9516666666666667 0.9516666666666667 0.0785 0.0701875
1 0.8183541666666667 0.18225 0.08464583333333334 0.09656250000000001
9 0.6938541666666667 0.8154375 0.0628125 0.059208333333333335
2 0.4418958333333334 0.171625 0.07433333333333333 0.09302083333333333
8 0.7016666666666667 0.7114166666666667 0.07793749999999999 0.07104166666666667