3 0.06420833333333334 0.18285416666666665 0.06879166666666667 0.0699375
3 0.19493749999999999 0.30395833333333333 0.065125 0.06525
3 0.8247083333333334 0.1794375 0.06177083333333333 0.06360416666666667
3 0.692375 0.177 0.06452083333333333 0.06475
3 0.442625 0.4453125 0.06658333333333334 0.06635416666666667
3 0.32397916666666665 0.18347916666666667 0.06952083333333332 0.0700625
3 0.94825 0.1794375 0.06197916666666667 0.06372916666666667
0 0.19897916666666668 0.17041666666666666 0.07091666666666667 0.07935416666666667
3 0.5644583333333333 0.3015208333333333 0.06525 0.06408333333333334
9 0.0778125 0.82325 0.0626875 0.06189583333333334
5 0.06597916666666667 0.06097916666666667 0.07239583333333334 0.08600000000000001
10 0.4409166666666666 0.9345625 0.0778125 0.07610416666666667
9 0.19420833333333334 0.8207916666666667 0.05975 0.0611875
9 0.8037083333333332 0.8144583333333333 0.0624375 0.06064583333333333
2 0.18127083333333335 0.050812500000000003 0.07764583333333334 0.09618750000000001
9 0.9311458333333333 0.8242291666666667 0.07147916666666668 0.0679375
0 0.4499583333333333 0.3078541666666667 0.07079166666666666 0.07422916666666667
9 0.692875 0.8164166666666667 0.06585416666666667 0.06085416666666667
4 0.4245625 0.05072916666666667 0.0810625 0.09874999999999999
7 0.5654375 0.9379791666666667 0.08227083333333333 0.08154166666666667
8 0.43652083333333336 0.8164166666666667 0.07397916666666667 0.07331249999999999
9 0.57325 0.6875 0.06597916666666667 0.064875
11 0.07654166666666667 0.9350625 0.072625 0.0700625
9 0.32787499999999997 0.7085 0.059958333333333336 0.058895833333333335
6 0.8037083333333332 0.6816458333333333 0.0751875 0.07160416666666666
1 0.8046875 0.04729166666666666 0.08385416666666666 0.09458333333333332
6 0.4375 0.6850625 0.07208333333333333 0.0704375
9 0.4516666666666667 0.5693333333333332 0.0679375 0.06322916666666667
5 0.6728541666666668 0.04958333333333333 0.07410416666666667 0.0881875
11 0.9282291666666667 0.9511666666666667 0.08135416666666666 0.07641666666666666
8 0.6875 0.6836041666666667 0.072875 0.07654166666666667
2 0.5688541666666667 0.5659166666666666 0.07641666666666666 0.07641666666666666