9 0.5488333333333333 0.43677083333333333 0.09618750000000001 0.0676875
3 0.6635833333333333 0.17406249999999998 0.0915625 0.06708333333333334
1 0.7822291666666668 0.056125 0.146125 0.10741666666666667
6 0.04814583333333333 0.5664166666666667 0.09629166666666666 0.06939583333333334
5 0.059541666666666666 0.04272916666666667 0.11779166666666667 0.08385416666666666
3 0.05410416666666666 0.43797916666666664 0.10339583333333334 0.06408333333333334
3 0.5434583333333334 0.31224999999999997 0.09504166666666666 0.065125
5 0.2954166666666667 0.04152083333333333 0.12804166666666666 0.08304166666666667
0 0.0535 0.2944375 0.107 0.07354166666666666
6 0.6728541666666668 0.31347916666666664 0.12145833333333332 0.08197916666666667
9 0.41820833333333335 0.5668958333333334 0.09685416666666667 0.0675625
9 0.17529166666666668 0.5776458333333333 0.10175000000000001 0.06372916666666667
3 0.67725 0.6855416666666667 0.08679166666666666 0.055
3 0.9257916666666667 0.17664583333333334 0.08989583333333333 0.06708333333333334
7 0.6292708333333333 0.7998125 0.15770833333333334 0.07502083333333333
10 0.9040416666666666 0.3064791666666667 0.13772916666666665 0.09354166666666666
3 0.8061458333333333 0.2985833333333333 0.08660416666666666 0.06525
9 0.8105416666666667 0.5380833333333332 0.08464583333333334 0.06064583333333333
9 0.9252916666666666 0.8037083333333332 0.0883125 0.06939583333333334
4 0.15577083333333333 0.8091666666666666 0.1575625 0.07820833333333334
9 0.04622916666666667 0.807125 0.090625 0.06110416666666666