3 0.8183541666666667 0.43066666666666664 0.0676875 0.06322916666666667
5 0.5712916666666668 0.043125 0.08495833333333333 0.07275000000000001
3 0.30591666666666667 0.16991666666666666 0.07977083333333333 0.06347916666666667
9 0.6816458333333333 0.8002916666666666 0.07183333333333333 0.065375
3 0.050416666666666665 0.41308333333333336 0.0808125 0.0623125
0 0.3081041666666666 0.431875 0.0915625 0.07160416666666666
9 0.317625 0.5566458333333333 0.07945833333333334 0.06420833333333334
3 0.17200000000000001 0.18164583333333334 0.0785 0.06197916666666667
0 0.3391041666666667 0.30591666666666667 0.08979166666666667 0.0704375
11 0.5542083333333333 0.8159166666666666 0.08435416666666667 0.07341666666666667
1 0.2858958333333333 0.05625 0.10991666666666666 0.07720833333333334
3 0.9365208333333332 0.30395833333333333 0.06731250000000001 0.06475
7 0.8203125 0.9096666666666666 0.09754166666666667 0.09222916666666667
9 0.051270833333333335 0.8061458333333333 0.08122916666666667 0.06347916666666667
9 0.567875 0.18591666666666665 0.0731875 0.06222916666666667
9 0.9438541666666667 0.6645416666666667 0.06420833333333334 0.060083333333333336
6 0.7045833333333333 0.2939375 0.08227083333333333 0.0701875
9 0.8066458333333333 0.807625 0.06683333333333333 0.06041666666666667
8 0.5629791666666667 0.43775000000000003 0.1066875 0.072875