3 0.19433333333333333 0.3046875 0.06635416666666667 0.06658333333333334
3 0.3249583333333333 0.18347916666666667 0.06841666666666667 0.06829166666666667
3 0.5639583333333333 0.30175 0.06572916666666667 0.06452083333333333
4 0.4343333333333333 0.17383333333333334 0.08008333333333333 0.09704166666666666
3 0.6875 0.4262708333333334 0.06560416666666666 0.0628125
3 0.4414166666666667 0.44579166666666664 0.06408333333333334 0.06335416666666667
0 0.317625 0.2993125 0.07135416666666666 0.07597916666666667
10 0.32397916666666665 0.8149375 0.07793749999999999 0.07433333333333333
6 0.43822916666666667 0.682625 0.0699375 0.06879166666666667
9 0.57325 0.6884791666666668 0.0624375 0.06304166666666668
9 0.07752083333333333 0.8237291666666666 0.05835416666666667 0.058562499999999997
9 0.19470833333333332 0.8203125 0.058562499999999997 0.0584375
9 0.32837500000000003 0.7094791666666667 0.058770833333333335 0.057291666666666664
1 0.8193333333333332 0.18297916666666666 0.08435416666666667 0.09856250000000001
9 0.4501875 0.5722708333333333 0.06670833333333334 0.06164583333333333
2 0.7021458333333332 0.30345833333333333 0.07683333333333334 0.08947916666666668
3 0.8222708333333333 0.5908125 0.058145833333333334 0.057583333333333334
8 0.8149375 0.45435416666666667 0.07720833333333334 0.07502083333333333
3 0.06372916666666667 0.18383333333333332 0.0679375 0.0706875
7 0.32885416666666667 0.9248125 0.08093750000000001 0.0810625
9 0.7075208333333334 0.5654375 0.06097916666666667 0.0655
11 0.9682708333333333 0.044083333333333335 0.0634375 0.08660416666666666