0 0.30370833333333336 0.43652083333333336 0.09058333333333332 0.0701875
3 0.3081041666666666 0.16893750000000002 0.07879166666666666 0.0628125
6 0.724125 0.5488333333333333 0.07935416666666667 0.0730625
0 0.34179166666666666 0.306875 0.09027083333333333 0.0706875
3 0.06939583333333334 0.18652083333333333 0.08385416666666666 0.06452083333333333
3 0.8339791666666667 0.166375 0.06891666666666667 0.06164583333333333
8 0.6943333333333332 0.6831041666666666 0.09235416666666667 0.07422916666666667
3 0.177 0.18164583333333334 0.0810625 0.06420833333333334
3 0.6865208333333332 0.17870833333333333 0.0701875 0.0624375
1 0.28858333333333336 0.056125 0.11102083333333333 0.078375
9 0.32764583333333336 0.6889583333333333 0.08008333333333333 0.06452083333333333
9 0.5805625 0.43945833333333334 0.07708333333333334 0.0626875
3 0.9467708333333333 0.16602083333333334 0.06720833333333333 0.06293750000000001
9 0.05420833333333333 0.8066458333333333 0.08270833333333334 0.06383333333333334
9 0.8100625 0.8066458333333333 0.06408333333333334 0.059541666666666666
9 0.682125 0.8007916666666667 0.06708333333333334 0.06310416666666667
9 0.942375 0.807625 0.06322916666666667 0.05654166666666667
11 0.4345625 0.9589791666666667 0.08727083333333334 0.075875
5 0.6948333333333333 0.03085416666666667 0.09172916666666667 0.060520833333333336
7 0.8481458333333334 0.9316458333333333 0.09075000000000001 0.08464583333333334