3 0.8354583333333333 0.166625 0.0700625 0.0623125
3 0.6879791666666667 0.17908333333333332 0.07104166666666667 0.06322916666666667
3 0.5586041666666667 0.177125 0.07477083333333333 0.06256250000000001
6 0.6938541666666667 0.92675 0.08166666666666668 0.0751875
9 0.05560416666666667 0.8061458333333333 0.08385416666666666 0.065
0 0.6938541666666667 0.043770833333333335 0.08312499999999999 0.07160416666666666
3 0.177375 0.18164583333333334 0.07879166666666666 0.06197916666666667
3 0.317375 0.18066666666666667 0.07945833333333334 0.06322916666666667
7 0.5586041666666667 0.9414166666666667 0.10558333333333333 0.09514583333333333
3 0.94825 0.1665 0.06683333333333333 0.06347916666666667
3 0.07091666666666667 0.18712499999999999 0.08227083333333333 0.06310416666666667
9 0.9448333333333333 0.8090833333333334 0.06708333333333334 0.0623125
10 0.41454166666666664 0.9418958333333334 0.11083333333333334 0.09204166666666666
2 0.18762500000000001 0.0613125 0.08947916666666668 0.0725
1 0.546875 0.04525 0.10016666666666667 0.0754375
0 0.2954166666666667 0.05489583333333334 0.09283333333333334 0.0731875
2 0.703125 0.29320833333333335 0.0785 0.07183333333333333
5 0.9594791666666667 0.04510416666666666 0.07922916666666667 0.07135416666666666
3 0.3151875 0.5512708333333334 0.0751875 0.060770833333333336
4 0.4401875 0.04558333333333333 0.10839583333333333 0.07708333333333334
11 0.9501875 0.9355416666666667 0.07793749999999999 0.0755625
9 0.5620208333333333 0.8110416666666667 0.07170833333333333 0.0623125
5 0.07708333333333334 0.055125 0.096375 0.0731875
11 0.0519375 0.9433541666666667 0.08960416666666667 0.07904166666666666
9 0.8110416666666667 0.8066458333333333 0.06475 0.059958333333333336
9 0.4313958333333333 0.5639583333333333 0.0751875 0.06197916666666667
8 0.8032291666666667 0.9331041666666666 0.09331249999999999 0.07597916666666667
9 0.6855416666666667 0.7988333333333333 0.07170833333333333 0.06585416666666667
9 0.19091666666666668 0.8066458333333333 0.08135416666666666 0.06841666666666667
6 0.307125 0.9384791666666668 0.08679166666666666 0.07641666666666666
8 0.3146875 0.6899375 0.09912499999999999 0.07239583333333334