9 0.682625 0.7998125 0.0706875 0.06408333333333334
9 0.9418958333333334 0.8095625 0.06708333333333334 0.0623125
6 0.7226666666666667 0.5473541666666667 0.080375 0.07208333333333333
0 0.3405833333333333 0.30516666666666664 0.0888125 0.0706875
9 0.05310416666666666 0.8061458333333333 0.08270833333333334 0.06452083333333333
3 0.1744375 0.18079166666666666 0.0808125 0.06310416666666667
3 0.8320416666666667 0.1665 0.06708333333333334 0.0611875
1 0.286625 0.05572916666666667 0.11083333333333334 0.07695833333333332
3 0.3078541666666667 0.1691875 0.07891666666666668 0.0623125
3 0.06829166666666667 0.1850625 0.08404166666666667 0.06439583333333333
3 0.9462916666666668 0.16564583333333335 0.06720833333333333 0.06293750000000001
5 0.4353125 0.056854166666666664 0.096375 0.07397916666666667
0 0.07275000000000001 0.4172291666666667 0.09770833333333333 0.06854166666666667
9 0.8086041666666667 0.8066458333333333 0.06560416666666666 0.06064583333333333
3 0.7055625 0.275625 0.072625 0.06408333333333334
9 0.31835416666666666 0.5556666666666668 0.078375 0.06395833333333333
7 0.8242291666666667 0.9150416666666668 0.096 0.091375
8 0.692875 0.682625 0.09185416666666667 0.072625
9 0.5791041666666668 0.3100625 0.0730625 0.0611875
11 0.5551666666666667 0.8154375 0.083 0.07354166666666666