4 0.26525 0.1775625 0.15345833333333334 0.09610416666666667
6 0.29343749999999996 0.8144583333333333 0.1316875 0.0678125
0 0.05175 0.297 0.10210416666666666 0.07691666666666667
9 0.2915 0.7001875 0.0993125 0.059333333333333335
11 0.059208333333333335 0.9418958333333334 0.1175625 0.07683333333333334
0 0.4201666666666667 0.3100625 0.1276875 0.07477083333333333
9 0.17725 0.8046875 0.10070833333333334 0.06597916666666667
3 0.5278333333333334 0.3015208333333333 0.09618750000000001 0.06622916666666666
3 0.15277083333333333 0.29589583333333336 0.10570833333333333 0.06585416666666667
2 0.4096666666666666 0.17089583333333333 0.13 0.07806249999999999
9 0.6704166666666667 0.567375 0.09331249999999999 0.06670833333333334
3 0.28783333333333333 0.29491666666666666 0.10125 0.06525
9 0.7973541666666667 0.8046875 0.08527083333333334 0.058229166666666665
9 0.4265208333333333 0.5639583333333333 0.09485416666666667 0.06408333333333334
8 0.5379583333333334 0.4436041666666667 0.13220833333333334 0.07708333333333334
3 0.6689375 0.17260416666666664 0.09235416666666667 0.06622916666666666
3 0.053187500000000006 0.4399375 0.10210416666666666 0.065
8 0.40700000000000003 0.8129791666666667 0.13222916666666668 0.072875
3 0.41431250000000003 0.43775000000000003 0.09027083333333333 0.05864583333333333
9 0.050812500000000003 0.8129791666666667 0.10108333333333334 0.06420833333333334
9 0.9223541666666667 0.8051666666666667 0.08897916666666666 0.06695833333333333
5 0.058895833333333335 0.04577083333333333 0.11516666666666667 0.0881875
6 0.7724166666666666 0.6932916666666666 0.12214583333333334 0.07341666666666667
1 0.7749791666666667 0.053000000000000005 0.145 0.09856250000000001
9 0.5491041666666666 0.7043333333333333 0.09810416666666667 0.06425
2 0.6621875 0.3012708333333334 0.12422916666666667 0.0730625
11 0.9252916666666666 0.92675 0.111625 0.06914583333333332
3 0.9233333333333333 0.17750000000000002 0.08979166666666667 0.06670833333333334
7 0.5346666666666666 0.9336041666666667 0.16004166666666667 0.080375
3 0.8051666666666667 0.177375 0.09447916666666667 0.0699375
10 0.641375 0.6865208333333332 0.15158333333333335 0.07941666666666666
5 0.6836041666666667 0.04097916666666667 0.12000000000000001 0.0808125