8 0.5439375 0.4409166666666666 0.12939583333333332 0.07793749999999999
4 0.26368749999999996 0.17658333333333334 0.15608333333333332 0.09512499999999999
9 0.17579166666666665 0.8046875 0.0993125 0.06427083333333333
9 0.2924791666666666 0.6987291666666666 0.10070833333333334 0.060520833333333336
8 0.4045416666666667 0.8105416666666667 0.13708333333333333 0.07079166666666666
9 0.050895833333333335 0.8120208333333333 0.09874999999999999 0.06372916666666667
9 0.6704166666666667 0.5664166666666667 0.09283333333333334 0.06720833333333333
9 0.4279791666666667 0.5639583333333333 0.10089583333333334 0.06420833333333334
0 0.42310416666666667 0.3086041666666667 0.12695833333333334 0.07531249999999999
3 0.2873541666666667 0.2937083333333333 0.1015625 0.06452083333333333
5 0.058020833333333334 0.04485416666666667 0.1145625 0.08647916666666666
2 0.411875 0.17089583333333333 0.13135416666666666 0.07825
11 0.058020833333333334 0.9418958333333334 0.11535416666666666 0.07575
3 0.411625 0.43677083333333333 0.09235416666666667 0.058020833333333334
3 0.5288125 0.30054166666666665 0.09368749999999999 0.06622916666666666
3 0.9238333333333333 0.17810416666666665 0.08539583333333334 0.065125
3 0.8066458333333333 0.17639583333333334 0.09302083333333333 0.06879166666666667
3 0.6699166666666667 0.17260416666666664 0.09514583333333333 0.06731250000000001
9 0.7954166666666667 0.8042083333333333 0.08600000000000001 0.0584375
3 0.1536875 0.29491666666666666 0.10339583333333334 0.06645833333333333
2 0.6645416666666667 0.3025 0.124625 0.0751875
11 0.9277291666666667 0.92675 0.1045 0.0703125
9 0.5498125 0.7006875 0.09856250000000001 0.06572916666666667
6 0.775875 0.6904375 0.11595833333333333 0.07575
3 0.05489583333333334 0.43872916666666667 0.1045 0.06383333333333334
7 0.5330208333333333 0.9316458333333333 0.1608125 0.07977083333333333
6 0.4079583333333333 0.6811458333333333 0.12804166666666666 0.0678125
0 0.29614583333333333 0.041937499999999996 0.1305 0.08312499999999999
1 0.5329791666666667 0.045187500000000005 0.16164583333333335 0.08910416666666668
5 0.9179791666666667 0.050895833333333335 0.11316666666666667 0.09075000000000001
9 0.9233333333333333 0.8037083333333332 0.0863125 0.06731250000000001
10 0.40166666666666667 0.9277291666666667 0.1564375 0.07366666666666667