3 0.6850625 0.18604166666666666 0.06891666666666667 0.058770833333333335
3 0.9213958333333333 0.17579166666666665 0.06866666666666667 0.0628125
3 0.4497083333333334 0.1796875 0.07183333333333333 0.06110416666666666
3 0.807125 0.16747916666666668 0.0705625 0.0626875
3 0.21141666666666667 0.1848125 0.07366666666666667 0.0559375
0 0.6762708333333334 0.04733333333333333 0.08647916666666666 0.07170833333333333
5 0.92725 0.06597916666666667 0.08166666666666668 0.07208333333333333
5 0.0611875 0.0406875 0.06177083333333333 0.0701875
3 0.3452083333333333 0.17041666666666666 0.07502083333333333 0.06572916666666667
0 0.30225 0.051270833333333335 0.09618750000000001 0.07170833333333333
4 0.42870833333333336 0.06085416666666667 0.1171875 0.07610416666666667
2 0.7949166666666667 0.056125 0.07708333333333334 0.07239583333333334
9 0.5502916666666666 0.5488333333333333 0.08929166666666667 0.08947916666666668
3 0.5644583333333333 0.4404375 0.0680625 0.059958333333333336
1 0.5376666666666666 0.06152083333333334 0.11633333333333334 0.07683333333333334
3 0.059104166666666666 0.208625 0.072875 0.06360416666666667
9 0.9560625 0.80225 0.0725 0.07227083333333333
2 0.17785416666666667 0.05864583333333333 0.1065 0.09027083333333333
9 0.8051666666666667 0.817375 0.06347916666666667 0.060520833333333336
9 0.07793749999999999 0.8251875 0.08135416666666666 0.07195833333333333
6 0.31054166666666666 0.8120208333333333 0.08208333333333333 0.0679375
11 0.9472708333333333 0.9365208333333332 0.07502083333333333 0.08093750000000001
9 0.6914166666666667 0.8149375 0.07331249999999999 0.07091666666666667
8 0.8051666666666667 0.9414166666666667 0.0855625 0.08447916666666666
9 0.17579166666666665 0.8159166666666666 0.07452083333333334 0.0731875
9 0.44597916666666665 0.8047708333333333 0.0778125 0.06952083333333332
11 0.050604166666666665 0.9545833333333333 0.09466666666666666 0.0805
6 0.6870208333333333 0.9501875 0.08464583333333334 0.0805
8 0.18620833333333334 0.9384791666666668 0.09979166666666667 0.09039583333333333
10 0.45385416666666667 0.9516666666666667 0.109125 0.093875
6 0.2937083333333333 0.9174791666666666 0.09283333333333334 0.07720833333333334
7 0.5445833333333333 0.9448333333333333 0.11041666666666666 0.096375