5 0.917 0.049124999999999995 0.112 0.08929166666666667
8 0.15914583333333335 0.932125 0.13758333333333334 0.07354166666666666
3 0.16466666666666668 0.17835416666666667 0.09447916666666667 0.06816666666666667
11 0.06322916666666667 0.9394583333333333 0.104125 0.0751875
9 0.050812500000000003 0.8110416666666667 0.09947916666666666 0.06256250000000001
2 0.6630833333333332 0.30054166666666665 0.12335416666666667 0.0778125
6 0.6430625 0.5683541666666667 0.12275 0.07464583333333333
3 0.8056666666666668 0.17491666666666666 0.09320833333333334 0.06891666666666667
0 0.29747916666666663 0.04183333333333333 0.1383125 0.080625
0 0.6655208333333333 0.03927083333333334 0.12085416666666667 0.07720833333333334
3 0.065 0.16479166666666664 0.10285416666666666 0.06841666666666667
3 0.9243125 0.17614583333333333 0.09039583333333333 0.06683333333333333
5 0.05677083333333333 0.043854166666666666 0.11352083333333333 0.08600000000000001
1 0.5318333333333334 0.043770833333333335 0.15789583333333335 0.0856875
3 0.6704166666666667 0.17004166666666667 0.09368749999999999 0.06731250000000001
9 0.42845833333333333 0.5620208333333333 0.09447916666666667 0.06525
11 0.9248125 0.9243125 0.11102083333333333 0.0705625
3 0.29125 0.17139583333333333 0.10125 0.06879166666666667
9 0.92675 0.8041250000000001 0.09741666666666667 0.06708333333333334
3 0.5542083333333333 0.17333333333333334 0.0966875 0.06891666666666667
9 0.6762708333333334 0.7963958333333333 0.09485416666666667 0.06585416666666667
8 0.7963958333333333 0.92675 0.12547916666666667 0.07489583333333334
9 0.28979166666666667 0.8090833333333334 0.09741666666666667 0.0559375
3 0.4126041666666667 0.4353125 0.090875 0.058229166666666665
9 0.17870833333333333 0.8027291666666667 0.10820833333333332 0.06439583333333333
9 0.7958958333333332 0.8032291666666667 0.08960416666666667 0.059104166666666666
0 0.17525000000000002 0.04485416666666667 0.13108333333333333 0.07945833333333334
6 0.6553541666666667 0.932625 0.12258333333333334 0.0678125
4 0.4103333333333333 0.044812500000000005 0.14791666666666667 0.08962500000000001
10 0.39925 0.9287083333333332 0.14950000000000002 0.05864583333333333