3 0.6879791666666667 0.17883333333333334 0.07122916666666666 0.06222916666666667
3 0.8344791666666667 0.16735416666666666 0.0680625 0.06177083333333333
3 0.557625 0.17664583333333334 0.0755625 0.06310416666666667
9 0.0546875 0.8066458333333333 0.083625 0.06464583333333333
3 0.317375 0.1813958333333333 0.0808125 0.06372916666666667
3 0.17750000000000002 0.18114583333333334 0.080375 0.06439583333333333
10 0.41431250000000003 0.9418958333333334 0.11102083333333333 0.09235416666666667
3 0.94825 0.16699999999999998 0.06670833333333334 0.06310416666666667
2 0.7026458333333333 0.2937083333333333 0.080375 0.072625
11 0.9487291666666666 0.9360416666666667 0.07739583333333333 0.0751875
9 0.942375 0.8090833333333334 0.06335416666666667 0.06197916666666667
0 0.29662499999999997 0.05552083333333333 0.09368749999999999 0.07354166666666666
0 0.6938541666666667 0.043375000000000004 0.08252083333333333 0.0699375
4 0.4396875 0.04595833333333333 0.1095 0.07752083333333333
3 0.0703125 0.18725 0.083 0.0624375
2 0.3142083333333333 0.30664583333333334 0.08252083333333333 0.06670833333333334
1 0.546875 0.04491666666666667 0.09845833333333333 0.0754375
7 0.5581041666666666 0.9409166666666666 0.10541666666666667 0.09754166666666667
3 0.3154375 0.55175 0.075875 0.0613125
5 0.958 0.04595833333333333 0.078375 0.0701875
11 0.050229166666666665 0.942875 0.09514583333333333 0.08252083333333333
9 0.8095625 0.807625 0.0655 0.059333333333333335
5 0.07654166666666667 0.05552083333333333 0.0966875 0.07341666666666667
6 0.692375 0.9277291666666667 0.08008333333333333 0.07385416666666668
9 0.57275 0.5625 0.06927083333333334 0.06189583333333334
8 0.8012708333333334 0.9340833333333334 0.08947916666666668 0.075875
6 0.30664583333333334 0.9365208333333332 0.08527083333333334 0.07806249999999999
9 0.43091666666666667 0.5644583333333333 0.07575 0.06372916666666667
9 0.18822916666666664 0.807125 0.07935416666666667 0.06622916666666666
9 0.6865208333333332 0.7983333333333333 0.0700625 0.06452083333333333
8 0.3146875 0.6889583333333333 0.09827083333333334 0.0700625