3 0.40972916666666664 0.3104166666666667 0.1055625 0.07360416666666666
9 0.5409791666666667 0.4701458333333333 0.10693749999999999 0.07083333333333333
9 0.432125 0.5712916666666668 0.10820833333333332 0.0701875
8 0.6557708333333333 0.6997083333333334 0.11674999999999999 0.07091666666666667
3 0.5610416666666667 0.1779791666666667 0.09966666666666667 0.06914583333333332
9 0.682125 0.817875 0.09845833333333333 0.06635416666666667
9 0.9331041666666666 0.8154375 0.09504166666666666 0.06152083333333334
9 0.7983333333333333 0.8056666666666668 0.09027083333333333 0.06322916666666667
9 0.047 0.8002916666666666 0.09027083333333333 0.06439583333333333
2 0.39125000000000004 0.4424375 0.131125 0.07933333333333333
9 0.15406250000000002 0.8125 0.10558333333333333 0.07079166666666666
6 0.6701458333333333 0.9512916666666666 0.12735416666666668 0.0738125
11 0.0646875 0.9589166666666666 0.129375 0.07583333333333334
0 0.29589583333333336 0.04654166666666667 0.12964583333333332 0.08789583333333333
11 0.9379791666666667 0.9521458333333332 0.11474999999999999 0.07091666666666667
3 0.17554166666666668 0.19177083333333333 0.09874999999999999 0.0675625
5 0.06297916666666667 0.045187500000000005 0.12552083333333333 0.08822916666666666
5 0.9165 0.043062500000000004 0.11633333333333334 0.08612500000000001
3 0.05835416666666667 0.18775 0.10320833333333333 0.06914583333333332
2 0.16760416666666667 0.050416666666666665 0.14250000000000002 0.08402083333333334
0 0.6635833333333333 0.0559375 0.11658333333333333 0.08947916666666668
4 0.42212500000000003 0.04708333333333334 0.16564583333333335 0.09235416666666667
3 0.80175 0.17566666666666667 0.09185416666666667 0.06658333333333334
6 0.2890625 0.9457916666666667 0.12695833333333334 0.07104166666666667
3 0.9292083333333333 0.18787500000000001 0.0863125 0.06854166666666667
3 0.6889583333333333 0.18164583333333334 0.09172916666666667 0.06829166666666667
7 0.5403749999999999 0.9351875 0.1564375 0.08070833333333334
1 0.5201666666666667 0.05491666666666666 0.1588125 0.10983333333333332
10 0.4439166666666667 0.9394583333333333 0.17297916666666666 0.0751875
8 0.18793749999999998 0.9721666666666666 0.13929166666666667 0.05460416666666667