7 0.8300833333333333 0.9609375 0.09912499999999999 0.07122916666666666
1 0.5390625 0.06020833333333333 0.11145833333333334 0.07806249999999999
8 0.7988333333333333 0.44116666666666665 0.08416666666666667 0.0778125
3 0.5659166666666666 0.4401875 0.06683333333333333 0.05975
11 0.6840833333333334 0.942375 0.0855625 0.0833125
5 0.9292083333333333 0.06597916666666667 0.08495833333333333 0.0725
9 0.9565416666666666 0.8042083333333333 0.06983333333333334 0.0701875
0 0.6792083333333333 0.04839583333333333 0.0885 0.07275000000000001
8 0.30835416666666665 0.6738333333333333 0.1014375 0.07489583333333334
3 0.8081041666666666 0.16833333333333333 0.07104166666666667 0.06622916666666666
3 0.182125 0.17750000000000002 0.07695833333333332 0.0614375
6 0.2937083333333333 0.9160208333333333 0.0935 0.0785
3 0.9213958333333333 0.17725 0.06816666666666667 0.0623125
3 0.6860416666666667 0.18664583333333334 0.06914583333333332 0.059208333333333335
3 0.05975 0.20104166666666667 0.07422916666666667 0.07331249999999999
9 0.4453125 0.8090833333333334 0.07977083333333333 0.07239583333333334
5 0.060770833333333336 0.0386875 0.06222916666666667 0.0701875
9 0.17614583333333333 0.8168958333333334 0.07477083333333333 0.0703125
10 0.4565416666666666 0.9533333333333334 0.11658333333333333 0.09331249999999999
9 0.6914166666666667 0.8144583333333333 0.07422916666666667 0.07122916666666666
11 0.05204166666666667 0.9511666666666667 0.0989375 0.07739583333333333
9 0.8046875 0.8183541666666667 0.06525 0.065125
9 0.0751875 0.8251875 0.0808125 0.06560416666666666
3 0.30835416666666665 0.1794375 0.07695833333333332 0.06322916666666667
4 0.4079583333333333 0.3217708333333333 0.11377083333333333 0.0700625
6 0.31347916666666664 0.8139583333333333 0.07860416666666666 0.0704375
2 0.04554166666666667 0.4396875 0.07433333333333333 0.08239583333333332
2 0.6884791666666668 0.31664583333333335 0.07977083333333333 0.06983333333333334