1 0.6752916666666666 0.19312500000000002 0.1065 0.0856875
5 0.04933333333333333 0.05520833333333333 0.09866666666666667 0.08154166666666667
0 0.32006249999999997 0.04502083333333333 0.09808333333333333 0.0808125
2 0.2873541666666667 0.3090833333333334 0.09447916666666667 0.0731875
8 0.6870208333333333 0.6889583333333333 0.08166666666666668 0.0730625
3 0.4453125 0.16539583333333333 0.0778125 0.06439583333333333
6 0.2920833333333333 0.932625 0.10054166666666667 0.0680625
0 0.6914166666666667 0.05370833333333334 0.0856875 0.08283333333333333
9 0.18335416666666668 0.8090833333333334 0.08135416666666666 0.065125
5 0.9316458333333333 0.0678125 0.08239583333333332 0.07945833333333334
9 0.6889583333333333 0.7929791666666667 0.07147916666666668 0.06335416666666667
9 0.06841666666666667 0.8042083333333333 0.08539583333333334 0.06645833333333333
7 0.5629791666666667 0.932125 0.1096875 0.07666666666666666
3 0.06110416666666666 0.1695625 0.0881875 0.06731250000000001
9 0.2985833333333333 0.7827083333333333 0.0751875 0.06304166666666668
9 0.807125 0.7895416666666667 0.07170833333333333 0.06110416666666666
3 0.18383333333333332 0.17149999999999999 0.08197916666666667 0.0676875
10 0.40047916666666666 0.9345625 0.11674999999999999 0.07433333333333333
3 0.5356458333333334 0.45239583333333333 0.06879166666666667 0.06189583333333334
3 0.8042083333333333 0.18737499999999999 0.06597916666666667 0.06152083333333334
3 0.3146875 0.17004166666666667 0.08447916666666666 0.0680625
11 0.9179791666666667 0.9248125 0.07860416666666666 0.06829166666666667
9 0.9282291666666667 0.7988333333333333 0.06866666666666667 0.0626875
11 0.06464583333333333 0.9184583333333334 0.10991666666666666 0.08283333333333333
9 0.4252916666666666 0.8193333333333332 0.07629166666666666 0.06256250000000001
4 0.44458333333333333 0.049416666666666664 0.11083333333333334 0.093875
3 0.9404375 0.32764583333333336 0.06452083333333333 0.060520833333333336
8 0.5483333333333333 0.5410208333333333 0.09570833333333333 0.07195833333333333