9 0.19518749999999999 0.8168958333333334 0.11437499999999999 0.06210416666666666
3 0.22437500000000002 0.4353125 0.11339583333333333 0.06427083333333333
11 0.08600000000000001 0.9277291666666667 0.12987500000000002 0.06560416666666666
3 0.9584583333333333 0.1892083333333333 0.0830625 0.06585416666666667
3 0.8496041666666667 0.31933333333333336 0.12127083333333334 0.06427083333333333
6 0.8530208333333333 0.44897916666666665 0.17810416666666665 0.08739583333333334
4 0.6391666666666667 0.4399375 0.177 0.07935416666666667
9 0.7032708333333333 0.8139583333333333 0.12025 0.0678125
7 0.8545 0.9545833333333333 0.18127083333333335 0.07793749999999999
9 0.4643541666666666 0.6972708333333333 0.11395833333333334 0.0575
3 0.7465833333333334 0.18737499999999999 0.12377083333333333 0.06310416666666667
9 0.8012708333333334 0.8261666666666667 0.11047916666666667 0.056854166666666664
5 0.5978125 0.0624375 0.13639583333333333 0.07964583333333333
5 0.48372916666666665 0.06949999999999999 0.15652083333333333 0.08929166666666667
11 0.6943333333333332 0.9604583333333333 0.14783333333333332 0.06585416666666667
10 0.9499375000000001 0.5652708333333333 0.10010416666666666 0.09220833333333332
9 0.9501875 0.6782291666666667 0.09514583333333333 0.06085416666666667
0 0.49316666666666664 0.3164166666666667 0.15258333333333332 0.0704375