0 0.4497083333333334 0.3107916666666667 0.06983333333333334 0.07422916666666667
1 0.9433541666666667 0.0575 0.08960416666666667 0.0993125
6 0.9589791666666667 0.17810416666666665 0.0751875 0.07964583333333333
3 0.6904375 0.31152083333333336 0.065375 0.0655
10 0.3234791666666667 0.817375 0.075875 0.0730625
6 0.9443333333333332 0.5605416666666667 0.07720833333333334 0.07122916666666666
9 0.07708333333333334 0.8251875 0.05864583333333333 0.058020833333333334
3 0.5634791666666668 0.3032291666666667 0.06560416666666666 0.06420833333333334
3 0.4418958333333334 0.44727083333333334 0.06310416666666667 0.06293750000000001
0 0.19885416666666667 0.17235416666666667 0.0705625 0.07879166666666666
7 0.5654375 0.9404375 0.08135416666666666 0.080375
5 0.06560416666666666 0.0628125 0.07385416666666668 0.0856875
8 0.4516666666666667 0.8061458333333333 0.075875 0.0730625
3 0.19420833333333334 0.30591666666666667 0.06464583333333333 0.065375
9 0.9306666666666668 0.8271458333333332 0.06891666666666667 0.06525
3 0.06322916666666667 0.18566666666666667 0.06708333333333334 0.06983333333333334
3 0.3237291666666666 0.18554166666666666 0.06816666666666667 0.06879166666666667
9 0.5707916666666667 0.6899375 0.06310416666666667 0.06020833333333333
5 0.6728541666666668 0.051541666666666666 0.0725 0.0856875
9 0.19372916666666665 0.8217708333333333 0.058895833333333335 0.05835416666666667
2 0.182375 0.0535 0.07654166666666667 0.09485416666666667
9 0.44945833333333335 0.5742291666666667 0.06383333333333334 0.0611875
4 0.42260416666666667 0.05204166666666667 0.07806249999999999 0.09966666666666667
3 0.8217708333333333 0.45727083333333335 0.0603125 0.05975
11 0.07610416666666667 0.9370208333333333 0.07354166666666666 0.06939583333333334
9 0.8037083333333332 0.8159166666666666 0.06293750000000001 0.06064583333333333
9 0.6933541666666667 0.817375 0.06560416666666666 0.0614375
9 0.3266666666666667 0.7094791666666667 0.06152083333333334 0.059208333333333335
11 0.9287083333333332 0.9536041666666667 0.07879166666666666 0.07183333333333333