9 0.7885833333333333 0.6948333333333333 0.08989583333333333 0.06585416666666667
9 0.9340833333333334 0.8154375 0.09618750000000001 0.06097916666666667
0 0.30406249999999996 0.6811458333333333 0.131125 0.06645833333333333
7 0.6435625 0.9443333333333332 0.15125 0.07695833333333332
8 0.6498541666666667 0.5644583333333333 0.12595833333333334 0.07891666666666668
5 0.06466666666666666 0.8276458333333333 0.12933333333333333 0.0703125
9 0.6801666666666667 0.8183541666666667 0.09039583333333333 0.06560416666666666
3 0.06572916666666667 0.5634791666666668 0.10175000000000001 0.06304166666666668
3 0.9257916666666667 0.41991666666666666 0.08802083333333334 0.06622916666666666
11 0.05560416666666667 0.1970208333333333 0.1095 0.0855625
1 0.9113333333333333 0.316375 0.14354166666666668 0.10416666666666667
3 0.7973541666666667 0.31275000000000003 0.08093750000000001 0.06222916666666667