7 0.6440416666666666 0.9414166666666667 0.146125 0.08020833333333334
1 0.786625 0.05316666666666667 0.145875 0.10633333333333334
9 0.6860416666666667 0.8188541666666667 0.10858333333333332 0.0674375
3 0.062000000000000006 0.442375 0.11464583333333334 0.06708333333333334
3 0.9165 0.4275 0.08947916666666668 0.06427083333333333
11 0.4136458333333334 0.4506875 0.12033333333333333 0.07502083333333333
9 0.7885833333333333 0.69775 0.08989583333333333 0.06683333333333333
5 0.2924791666666666 0.8139583333333333 0.12633333333333333 0.06914583333333332
3 0.7973541666666667 0.3142083333333333 0.08660416666666666 0.06310416666666667
8 0.5244166666666666 0.3237291666666666 0.12610416666666666 0.08179166666666667
0 0.5395416666666667 0.43797916666666664 0.1225 0.072875
9 0.9336041666666667 0.8159166666666666 0.093875 0.0626875