3 0.17708333333333334 0.19166666666666668 0.10416666666666667 0.07777083333333333
3 0.058895833333333335 0.18737499999999999 0.10485416666666666 0.0699375
3 0.5600625 0.1794375 0.09874999999999999 0.06866666666666667
3 0.40599999999999997 0.3093333333333333 0.10125 0.0679375
3 0.80175 0.17589583333333333 0.09185416666666667 0.0674375
2 0.39110416666666664 0.43847916666666664 0.12793749999999998 0.07385416666666668
3 0.6884791666666668 0.18029166666666668 0.09331249999999999 0.06964583333333334
5 0.06635416666666667 0.050416666666666665 0.1274375 0.08679166666666666
3 0.9296875 0.18835416666666666 0.0885 0.06939583333333334
0 0.6635833333333333 0.05633333333333333 0.11902083333333334 0.08929166666666667
0 0.29662499999999997 0.0468125 0.12879166666666667 0.09125
5 0.9174791666666666 0.043854166666666666 0.11554166666666667 0.08770833333333333
4 0.41135416666666663 0.04672916666666667 0.15789583333333335 0.09204166666666666
1 0.5206666666666666 0.05422916666666667 0.1593125 0.10845833333333334
9 0.5385833333333333 0.46777083333333336 0.09447916666666667 0.0624375
6 0.28002083333333333 0.5771458333333332 0.1305 0.07122916666666666
9 0.4343333333333333 0.5722708333333333 0.109125 0.06658333333333334
9 0.0475 0.8012708333333334 0.0885 0.0623125
9 0.7988333333333333 0.8061458333333333 0.08929166666666667 0.06395833333333333
9 0.9306666666666668 0.8125 0.09058333333333332 0.06408333333333334
11 0.9375 0.9536041666666667 0.1066875 0.06902083333333334
9 0.156 0.8154375 0.09770833333333333 0.06372916666666667
11 0.06525 0.958 0.12525 0.07195833333333333
8 0.18885416666666668 0.973625 0.13566666666666669 0.05260416666666667
6 0.286125 0.9462916666666668 0.1175625 0.06731250000000001
10 0.43193750000000003 0.9409166666666666 0.13914583333333336 0.07195833333333333
7 0.5390208333333334 0.9335833333333333 0.1546875 0.07964583333333333
2 0.2751458333333333 0.3078541666666667 0.13233333333333333 0.078375
9 0.6787083333333332 0.817875 0.0888125 0.065375
8 0.6576458333333334 0.7 0.12360416666666667 0.08056250000000001