3 0.8006875 0.3104166666666667 0.0930625 0.0680625
3 0.932125 0.18933333333333333 0.08929166666666667 0.0706875
3 0.06197916666666667 0.44164583333333335 0.10339583333333334 0.0680625
9 0.6790625 0.8203125 0.09541666666666666 0.06525
9 0.7876041666666667 0.6972708333333333 0.090875 0.0680625
9 0.932625 0.8164166666666667 0.09075000000000001 0.0611875
11 0.5390625 0.5722708333333333 0.11579166666666667 0.0730625
5 0.2941875 0.8129791666666667 0.12939583333333332 0.0703125
8 0.39745833333333336 0.0485 0.1276875 0.09589583333333333
0 0.40225000000000005 0.32616666666666666 0.12872916666666667 0.07752083333333333
1 0.7887083333333333 0.05389583333333334 0.15052083333333333 0.1078125
7 0.6440416666666666 0.9436875 0.151 0.08447916666666666