3 0.7470625 0.31835416666666666 0.11791666666666667 0.06452083333333333
1 0.8828125 0.059958333333333336 0.2005625 0.09418750000000001
5 0.5947291666666668 0.06408333333333334 0.13916666666666666 0.08122916666666667
9 0.94825 0.67675 0.096 0.06222916666666667
9 0.19408333333333333 0.8159166666666666 0.11395833333333334 0.059875
3 0.9583958333333332 0.18872916666666667 0.08322916666666667 0.06322916666666667
0 0.48975 0.3149375 0.14635416666666667 0.06914583333333332
7 0.8569375 0.9545833333333333 0.172125 0.07879166666666666
9 0.7988333333333333 0.82325 0.11395833333333334 0.059541666666666666
3 0.7431666666666668 0.18737499999999999 0.12000000000000001 0.06152083333333334
6 0.3342291666666667 0.9457916666666667 0.15235416666666665 0.09039583333333333
11 0.08477083333333332 0.9277291666666667 0.1378125 0.06658333333333334
9 0.09447916666666667 0.567375 0.11010416666666667 0.05864583333333333
5 0.36133333333333334 0.049041666666666664 0.14014583333333333 0.08375
10 0.7436458333333333 0.6748125 0.18360416666666665 0.07135416666666666
9 0.463625 0.6948333333333333 0.11316666666666667 0.056854166666666664
3 0.23560416666666667 0.45995833333333336 0.11127083333333333 0.0624375
11 0.6914166666666667 0.9560625 0.14195833333333333 0.06525
3 0.1019375 0.3220208333333333 0.111625 0.064875
9 0.7011666666666667 0.8115208333333332 0.11260416666666666 0.06427083333333333
4 0.36816666666666664 0.17675000000000002 0.17554166666666668 0.08770833333333333
9 0.33545833333333336 0.317875 0.115 0.0624375
3 0.8479791666666666 0.31575000000000003 0.12702083333333333 0.06452083333333333