11 0.0603125 0.9399375 0.11962500000000001 0.07610416666666667
9 0.051000000000000004 0.8112499999999999 0.09947916666666666 0.06383333333333334
3 0.9248125 0.17750000000000002 0.0883125 0.06658333333333334
9 0.4172291666666667 0.567875 0.096375 0.06708333333333334
1 0.7802708333333332 0.0559375 0.14366666666666666 0.1065
7 0.7823125 0.932125 0.14841666666666667 0.07989583333333333
9 0.1744375 0.5791041666666668 0.10089583333333334 0.06293750000000001
6 0.04895833333333333 0.567375 0.09618750000000001 0.06854166666666667
3 0.6626041666666667 0.1745625 0.08929166666666667 0.06597916666666667
10 0.9057708333333333 0.6899375 0.12854166666666667 0.07708333333333334
9 0.5463958333333333 0.43652083333333336 0.09552083333333333 0.06645833333333333
3 0.5410208333333333 0.31322916666666667 0.09331249999999999 0.065375
5 0.058145833333333334 0.044187500000000005 0.11535416666666666 0.08385416666666666
0 0.053187500000000006 0.2944375 0.10633333333333334 0.07531249999999999
9 0.671875 0.3107916666666667 0.11674999999999999 0.08270833333333334
9 0.8100625 0.5380833333333332 0.0833125 0.059333333333333335
3 0.8061458333333333 0.29735416666666664 0.0863125 0.06464583333333333
3 0.05560416666666667 0.4389583333333333 0.104125 0.064875
9 0.9233333333333333 0.8037083333333332 0.09039583333333333 0.06572916666666667
5 0.2944375 0.04102083333333333 0.12683333333333333 0.08204166666666667
4 0.275875 0.6889583333333333 0.15002083333333335 0.07666666666666666
3 0.677875 0.6868125 0.08820833333333335 0.057479166666666665