3 0.18079166666666666 0.17920833333333333 0.083 0.06610416666666667
5 0.42212500000000003 0.197875 0.09270833333333334 0.07502083333333333
3 0.27929166666666666 0.42139583333333336 0.07989583333333333 0.06572916666666667
3 0.9379791666666667 0.33960416666666665 0.06816666666666667 0.06347916666666667
3 0.8007916666666667 0.19945833333333332 0.06572916666666667 0.059416666666666666
3 0.05697916666666667 0.17870833333333333 0.0856875 0.0676875
6 0.28539583333333335 0.7006875 0.09912499999999999 0.07195833333333333
9 0.3025 0.5556666666666668 0.08539583333333334 0.06731250000000001
5 0.6455 0.8359375 0.08947916666666668 0.07695833333333332
7 0.16295833333333334 0.6997083333333334 0.11841666666666667 0.07629166666666666
9 0.06645833333333333 0.71875 0.09331249999999999 0.0655
11 0.807125 0.9453125 0.08587499999999999 0.0731875
1 0.792 0.0679375 0.10175000000000001 0.09466666666666666