5 0.047625 0.055 0.09525 0.0808125
5 0.546875 0.0428125 0.08960416666666667 0.07935416666666667
3 0.42162499999999997 0.432625 0.07904166666666666 0.065
0 0.7954166666666667 0.5537083333333332 0.08166666666666668 0.07170833333333333
1 0.6748125 0.19312500000000002 0.10595833333333333 0.0856875
9 0.8051666666666667 0.7890625 0.0704375 0.0624375
3 0.05645833333333334 0.17041666666666666 0.08208333333333333 0.06720833333333333
3 0.18127083333333335 0.17114583333333336 0.080375 0.06635416666666667
3 0.536625 0.45287499999999997 0.06952083333333332 0.0613125
8 0.6845625 0.6870208333333333 0.07922916666666667 0.07410416666666667
4 0.44335416666666666 0.0485 0.11535416666666666 0.091375
9 0.6865208333333332 0.792 0.0700625 0.06310416666666667
2 0.28858333333333336 0.3086041666666667 0.09008333333333333 0.07195833333333333
9 0.06347916666666667 0.7089791666666667 0.08477083333333332 0.06635416666666667
3 0.31322916666666667 0.17054166666666667 0.08008333333333333 0.06720833333333333
9 0.9262708333333334 0.8002916666666666 0.06841666666666667 0.06041666666666667
6 0.2924791666666666 0.9355416666666667 0.10033333333333333 0.07183333333333333
11 0.57275 0.9365208333333332 0.094 0.06939583333333334
9 0.42895833333333333 0.7123958333333333 0.06983333333333334 0.05697916666666667
9 0.29564583333333333 0.7075208333333334 0.08008333333333333 0.065
10 0.3984375 0.9370208333333333 0.11377083333333333 0.0755625
3 0.80225 0.18872916666666667 0.06683333333333333 0.06085416666666667
7 0.8139583333333333 0.9389583333333333 0.08495833333333333 0.07477083333333333
9 0.31224999999999997 0.7729583333333333 0.07806249999999999 0.06097916666666667
3 0.9394583333333333 0.328125 0.06683333333333333 0.06110416666666666
11 0.06345833333333334 0.9179791666666667 0.10320833333333333 0.07793749999999999