11 0.08154166666666667 0.9296875 0.13293750000000001 0.06322916666666667
9 0.34179166666666666 0.8393541666666666 0.11516666666666667 0.059208333333333335
3 0.10070833333333334 0.3225 0.11010416666666667 0.064875
3 0.23377083333333332 0.4585 0.11316666666666667 0.0623125
3 0.3530208333333333 0.3146875 0.10779166666666667 0.06256250000000001
5 0.065 0.06372916666666667 0.12633333333333333 0.08404166666666667
9 0.07764583333333334 0.8051666666666667 0.1019375 0.05645833333333334
9 0.18968749999999998 0.8183541666666667 0.12066666666666667 0.06335416666666667
6 0.474375 0.7041041666666668 0.15125 0.0680625
9 0.7939375 0.8251875 0.12104166666666667 0.0570625
6 0.33545833333333336 0.9370208333333333 0.15197916666666667 0.0725
9 0.9497083333333334 0.6777291666666667 0.09618750000000001 0.0603125
3 0.8522083333333333 0.19910416666666667 0.13468750000000002 0.06854166666666667
3 0.9516666666666667 0.18933333333333333 0.08660416666666666 0.06395833333333333
9 0.45970833333333333 0.4545833333333333 0.11554166666666667 0.060770833333333336
0 0.48804166666666665 0.31445833333333334 0.14685416666666665 0.0678125
10 0.23522916666666666 0.69825 0.16320833333333334 0.07410416666666667
2 0.202875 0.051666666666666666 0.145625 0.08283333333333333
7 0.8513958333333334 0.953125 0.21477083333333333 0.0863125
9 0.708 0.8129791666666667 0.1305625 0.06927083333333334
11 0.6914166666666667 0.9604583333333333 0.14489583333333333 0.06189583333333334
3 0.7504791666666667 0.18775 0.13585416666666666 0.06597916666666667
3 0.73925 0.317375 0.12041666666666666 0.06020833333333333
5 0.5947291666666668 0.06177083333333333 0.1379375 0.08283333333333333
4 0.36522916666666666 0.17639583333333334 0.16991666666666666 0.09075000000000001