9 0.5548541666666666 0.44097916666666664 0.10693749999999999 0.0680625
9 0.7880833333333332 0.6948333333333333 0.09027083333333333 0.06683333333333333
9 0.9287083333333332 0.8154375 0.08495833333333333 0.06064583333333333
9 0.6782291666666667 0.817375 0.08691666666666667 0.0675625
3 0.058583333333333334 0.18725 0.10635416666666667 0.0699375
3 0.6904375 0.18933333333333333 0.09283333333333334 0.0705625
3 0.9311458333333333 0.18835416666666666 0.08929166666666667 0.07104166666666667
3 0.796875 0.3110416666666667 0.08600000000000001 0.06310416666666667
3 0.5615208333333332 0.17870833333333333 0.09552083333333333 0.06879166666666667
0 0.6440416666666666 0.064875 0.11658333333333333 0.0881875
1 0.786625 0.05625 0.14710416666666667 0.10991666666666666
8 0.52925 0.7089791666666667 0.13010416666666666 0.07964583333333333
7 0.8139583333333333 0.9394583333333333 0.14100000000000001 0.0834375
11 0.16608333333333333 0.07385416666666668 0.13216666666666665 0.09058333333333332
5 0.05610416666666666 0.8369166666666668 0.11222916666666666 0.07135416666666666