9 0.07739583333333333 0.8242291666666667 0.058770833333333335 0.058145833333333334
10 0.3237291666666666 0.8164166666666667 0.07629166666666666 0.07331249999999999
9 0.9306666666666668 0.8266666666666667 0.06708333333333334 0.06395833333333333
0 0.19847916666666665 0.171875 0.07147916666666668 0.07977083333333333
3 0.06420833333333334 0.18445833333333334 0.06816666666666667 0.0705625
3 0.19433333333333333 0.30541666666666667 0.06452083333333333 0.06525
3 0.44164583333333335 0.4470208333333333 0.06383333333333334 0.06293750000000001
3 0.6875 0.4265208333333333 0.065 0.0624375
8 0.4499583333333333 0.8056666666666668 0.07793749999999999 0.07275000000000001
3 0.5639583333333333 0.3025 0.06560416666666666 0.06408333333333334
9 0.57275 0.6894583333333333 0.06347916666666667 0.06041666666666667
3 0.3237291666666666 0.18456250000000002 0.0676875 0.06866666666666667
9 0.8037083333333332 0.8154375 0.059875 0.057916666666666665
9 0.4499583333333333 0.57275 0.06670833333333334 0.06210416666666666
5 0.6733333333333333 0.050041666666666665 0.07366666666666667 0.08727083333333334
5 0.06475 0.06177083333333333 0.07183333333333333 0.08539583333333334
3 0.8217708333333333 0.4560625 0.06395833333333333 0.06189583333333334
7 0.5644583333333333 0.9394583333333333 0.080375 0.07922916666666667
2 0.18187499999999998 0.052708333333333336 0.07764583333333334 0.09656250000000001
9 0.3254375 0.7094791666666667 0.06085416666666667 0.05602083333333333
9 0.19397916666666667 0.8203125 0.0603125 0.059541666666666666
6 0.9467083333333334 0.457 0.07820833333333334 0.0721875
9 0.6918958333333334 0.8164166666666667 0.0624375 0.05864583333333333
11 0.07422916666666667 0.9360416666666667 0.07397916666666667 0.06964583333333334
1 0.8193333333333332 0.18360416666666665 0.08385416666666666 0.0966875
4 0.44604166666666667 0.31445833333333334 0.07891666666666668 0.08910416666666668
11 0.9296875 0.9521458333333332 0.07935416666666667 0.0731875