9 0.46216666666666667 0.6972708333333333 0.11554166666666667 0.057374999999999995
11 0.07977083333333333 0.92725 0.1429375 0.06829166666666667
3 0.22164583333333335 0.4345625 0.11762500000000001 0.06427083333333333
1 0.8813541666666667 0.05975 0.20116666666666666 0.0966875
3 0.7431666666666668 0.18702083333333333 0.11877083333333333 0.06475
9 0.19189583333333332 0.8159166666666666 0.1169375 0.0614375
5 0.5957083333333333 0.06427083333333333 0.140875 0.0805
5 0.35912499999999997 0.051854166666666666 0.14147916666666666 0.08435416666666667
6 0.3359375 0.9370208333333333 0.15331250000000002 0.07597916666666667
7 0.8525416666666668 0.9506875 0.18531250000000002 0.07977083333333333
3 0.9568958333333334 0.1892083333333333 0.08620833333333335 0.06610416666666667
9 0.7049166666666667 0.8129791666666667 0.12229166666666667 0.06866666666666667
11 0.6933541666666667 0.9570416666666667 0.14441666666666667 0.06866666666666667
9 0.9501875 0.67675 0.09533333333333333 0.06222916666666667
4 0.3776041666666667 0.30493750000000003 0.1888125 0.0886875
3 0.8517291666666666 0.31983333333333336 0.13358333333333333 0.06604166666666667
10 0.7473958333333334 0.30354166666666665 0.18864583333333332 0.0890625
9 0.8089166666666666 0.8256875 0.12022916666666666 0.07368749999999999
0 0.49154166666666665 0.31664583333333335 0.15625 0.07566666666666667