9 0.5222291666666666 0.41181249999999997 0.1055625 0.07083333333333333
8 0.6533125 0.6987291666666666 0.1169375 0.072625
6 0.27877083333333336 0.57875 0.13260416666666666 0.07577083333333333
9 0.6792083333333333 0.8188541666666667 0.08929166666666667 0.06427083333333333
9 0.7978541666666668 0.8051666666666667 0.0886875 0.06335416666666667
3 0.5605416666666667 0.17845833333333333 0.09808333333333333 0.06658333333333334
3 0.17614583333333333 0.19214583333333335 0.09997916666666667 0.0680625
9 0.9301666666666667 0.8154375 0.0861875 0.06293750000000001
9 0.04610416666666666 0.8002916666666666 0.0881875 0.0623125
2 0.39037499999999997 0.4389583333333333 0.12891666666666668 0.07366666666666667
2 0.27416666666666667 0.306875 0.13293750000000001 0.07860416666666666
0 0.5402916666666666 0.30420833333333336 0.12833333333333333 0.08020833333333334
9 0.15577083333333333 0.8139583333333333 0.09722916666666667 0.06304166666666668
3 0.05697916666666667 0.18702083333333333 0.10320833333333333 0.06964583333333334
0 0.661625 0.05654166666666667 0.11902083333333334 0.0883125
11 0.6586875 0.96875 0.11920833333333333 0.06177083333333333
5 0.917 0.043520833333333335 0.1175625 0.08691666666666667
7 0.8100833333333333 0.9389583333333333 0.14425 0.08227083333333333
3 0.7963958333333333 0.31202083333333336 0.08508333333333334 0.06197916666666667
5 0.06525 0.049041666666666664 0.12695833333333334 0.08947916666666668
11 0.065 0.958 0.12718749999999998 0.0703125
3 0.6889583333333333 0.18102083333333333 0.09302083333333333 0.06964583333333334
4 0.4074375 0.0469375 0.15172916666666666 0.093875
8 0.18620833333333334 0.9730833333333333 0.13683333333333333 0.05385416666666667
3 0.9292083333333333 0.18847916666666667 0.08758333333333333 0.06983333333333334
10 0.4296875 0.9384791666666668 0.1434375 0.07489583333333334
6 0.28883333333333333 0.9448333333333333 0.131625 0.06952083333333332
1 0.5220208333333333 0.05595833333333333 0.16422916666666668 0.1119375