3 0.8183541666666667 0.431875 0.06816666666666667 0.06372916666666667
3 0.171625 0.182125 0.07891666666666668 0.06304166666666668
3 0.30516666666666664 0.17004166666666667 0.07964583333333333 0.0624375
3 0.050895833333333335 0.41358333333333336 0.0808125 0.06222916666666667
11 0.5537083333333332 0.8168958333333334 0.0834375 0.07239583333333334
5 0.5717708333333333 0.0439375 0.08527083333333334 0.07331249999999999
0 0.33960416666666665 0.30664583333333334 0.08910416666666668 0.06952083333333332
9 0.050895833333333335 0.807625 0.0808125 0.06475
1 0.2851666666666667 0.05697916666666667 0.1095 0.0778125
7 0.82275 0.9072291666666668 0.10070833333333334 0.08758333333333333
9 0.578125 0.31177083333333333 0.0725 0.06097916666666667
3 0.9365208333333332 0.30370833333333336 0.06622916666666666 0.06475
9 0.6801666666666667 0.8007916666666667 0.07227083333333333 0.06408333333333334
9 0.3171458333333333 0.5566458333333333 0.07666666666666666 0.06452083333333333
8 0.6909166666666666 0.6831041666666666 0.0910625 0.07397916666666667
9 0.8061458333333333 0.8081041666666666 0.065375 0.0603125
9 0.9438541666666667 0.6650416666666668 0.06670833333333334 0.0614375
6 0.7045833333333333 0.2954166666666667 0.0833125 0.0699375
0 0.21239583333333334 0.31152083333333336 0.09125 0.0706875