9 0.212080 0.094675 0.060235 0.077093
5 0.914566 0.092603 0.084678 0.095435
3 0.774270 0.878837 0.061466 0.055799
11 0.087797 0.908299 0.083887 0.079881
10 0.077449 0.434052 0.111660 0.084205
6 0.324906 0.557167 0.065836 0.064555
0 0.905070 0.673122 0.084002 0.064358
9 0.214298 0.784827 0.058597 0.053797
4 0.924397 0.428307 0.114878 0.085500
3 0.557750 0.320817 0.054564 0.061830
6 0.084074 0.665717 0.084662 0.061516
3 0.680995 0.081037 0.056572 0.077432
0 0.914128 0.332880 0.082731 0.074160
9 0.209102 0.336991 0.059731 0.063135
5 0.905578 0.923631 0.082932 0.076906
9 0.425278 0.447166 0.055624 0.058402
2 0.926688 0.767664 0.112334 0.064146
3 0.788362 0.206394 0.060817 0.068351
9 0.211035 0.664894 0.060917 0.056196
1 0.915421 0.560259 0.119131 0.075475
3 0.555785 0.778724 0.054472 0.055015
3 0.779639 0.678054 0.061092 0.053977
2 0.917068 0.217975 0.096543 0.082312
9 0.220632 0.206371 0.060453 0.073908
7 0.082391 0.551983 0.117493 0.079199
11 0.097792 0.078999 0.084551 0.096424
9 0.217087 0.905165 0.061293 0.060784
3 0.787251 0.427244 0.062235 0.055102
9 0.214954 0.562785 0.061362 0.056462
3 0.792433 0.545865 0.063190 0.054826
8 0.076047 0.204033 0.101102 0.085364
8 0.102273 0.784091 0.063190 0.064555
