9 0.212165 0.093715 0.061131 0.077755
3 0.774593 0.878901 0.061283 0.055756
5 0.914962 0.092636 0.084429 0.095614
6 0.083516 0.665614 0.084963 0.061546
3 0.557936 0.320560 0.054209 0.062161
8 0.324468 0.671724 0.071062 0.063868
10 0.077725 0.433528 0.111844 0.083455
4 0.924489 0.428457 0.114660 0.085847
6 0.324905 0.556954 0.065461 0.064149
9 0.209140 0.336689 0.060118 0.063937
9 0.214874 0.784814 0.058539 0.053146
3 0.779878 0.678247 0.060735 0.053797
3 0.556270 0.778903 0.055136 0.055719
9 0.425385 0.446921 0.055651 0.058390
0 0.905258 0.673417 0.083945 0.064388
3 0.681113 0.081267 0.056826 0.077701
2 0.917325 0.217737 0.096505 0.083034
11 0.097632 0.078610 0.085410 0.096901
1 0.915425 0.560500 0.118800 0.075740
9 0.211247 0.664927 0.061048 0.056326
0 0.913872 0.333033 0.082563 0.074327
2 0.926721 0.767812 0.111955 0.063729
9 0.220753 0.206035 0.060340 0.074264
3 0.788441 0.206633 0.060680 0.067980
8 0.314814 0.321573 0.074805 0.071784
9 0.215008 0.561879 0.060872 0.054939
5 0.906039 0.923928 0.082971 0.076861
11 0.088571 0.908228 0.084700 0.079535
7 0.082226 0.551768 0.119740 0.078790
9 0.217128 0.905230 0.061358 0.061569
3 0.787165 0.427295 0.062257 0.055415
3 0.792386 0.545664 0.062660 0.054773
