3 0.781654 0.097215 0.059023 0.079190
3 0.779116 0.677842 0.059876 0.053581
0 0.905225 0.672927 0.083558 0.063189
9 0.211766 0.094993 0.060754 0.076252
3 0.787536 0.205508 0.059762 0.069611
9 0.214429 0.784691 0.059121 0.052202
5 0.913798 0.092018 0.084357 0.097303
6 0.083998 0.665586 0.085278 0.061327
9 0.217320 0.904129 0.062849 0.058949
11 0.088893 0.906984 0.084526 0.076775
10 0.077154 0.431178 0.111728 0.086308
2 0.926900 0.767340 0.113617 0.064216
9 0.213893 0.561422 0.060811 0.054150
7 0.082734 0.550398 0.118340 0.081378
9 0.210693 0.664553 0.061349 0.055566
3 0.774087 0.877655 0.061288 0.055806
4 0.923988 0.425919 0.112776 0.088655
9 0.207547 0.334674 0.060030 0.062768
1 0.915346 0.558583 0.118320 0.077584
9 0.201829 0.437816 0.063224 0.060961
11 0.097179 0.079340 0.086164 0.096811
0 0.913357 0.331053 0.082768 0.077189
5 0.906173 0.922383 0.084275 0.074035
3 0.792028 0.545724 0.062347 0.055372
9 0.220014 0.206044 0.061014 0.075749
2 0.917310 0.216826 0.095591 0.084593
3 0.780092 0.310659 0.058677 0.062742
8 0.077341 0.203632 0.097025 0.084888
6 0.085889 0.314481 0.082066 0.079789
3 0.784091 0.443182 0.082066 0.074035
8 0.102273 0.784091 0.082066 0.074035
3 0.784091 0.784091 0.082066 0.074035
