9 0.211808 0.093395 0.062037 0.077899
6 0.083397 0.665275 0.084550 0.060188
3 0.556818 0.449378 0.053867 0.055455
6 0.324842 0.557073 0.065334 0.064142
3 0.557683 0.320255 0.054265 0.063667
5 0.914372 0.092917 0.084954 0.095996
8 0.324240 0.671848 0.070286 0.063735
3 0.774289 0.878962 0.061683 0.055724
2 0.675264 0.325921 0.077564 0.073410
9 0.214140 0.784764 0.058365 0.052691
3 0.788235 0.206124 0.060597 0.068483
9 0.208986 0.337127 0.060121 0.063234
0 0.904789 0.673368 0.084000 0.064048
4 0.924758 0.428405 0.113937 0.085452
10 0.077413 0.433192 0.112103 0.084003
2 0.926496 0.767939 0.112275 0.064411
9 0.210925 0.665130 0.060994 0.056080
3 0.680911 0.080901 0.056549 0.077641
9 0.425102 0.446922 0.055592 0.057553
1 0.915761 0.560525 0.118278 0.075809
3 0.779629 0.678444 0.061449 0.053876
11 0.088114 0.908161 0.083909 0.079630
5 0.905581 0.923920 0.083900 0.077131
9 0.220228 0.206017 0.060819 0.074298
11 0.097781 0.079250 0.084731 0.095978
9 0.214745 0.561789 0.061076 0.055127
3 0.555862 0.779072 0.054522 0.055645
8 0.314784 0.321451 0.074557 0.071411
9 0.217060 0.905252 0.061137 0.060700
7 0.082206 0.551977 0.117714 0.079023
3 0.792302 0.545302 0.063103 0.055709
0 0.670455 0.556818 0.063103 0.064142
