2 0.675342 0.325791 0.077427 0.073476
9 0.211786 0.094106 0.061895 0.077368
6 0.083480 0.665431 0.084756 0.060281
3 0.774524 0.878819 0.061622 0.055801
6 0.324809 0.557077 0.065537 0.064258
3 0.557964 0.320428 0.054239 0.062773
8 0.324026 0.671554 0.070286 0.063783
10 0.077296 0.433043 0.112421 0.083750
3 0.557057 0.449222 0.053903 0.055280
9 0.214220 0.784871 0.058734 0.052986
3 0.681123 0.081070 0.056558 0.077401
5 0.914344 0.093059 0.084969 0.095840
4 0.924772 0.428420 0.113661 0.085205
9 0.208964 0.336466 0.060342 0.063621
3 0.788588 0.205995 0.060524 0.068538
2 0.926771 0.767819 0.112782 0.064301
5 0.905527 0.923726 0.083523 0.077078
9 0.215051 0.561510 0.061356 0.055491
0 0.905410 0.673404 0.084360 0.064643
9 0.211036 0.665260 0.060893 0.055774
11 0.088147 0.908040 0.083633 0.079498
9 0.425303 0.446847 0.055500 0.057848
1 0.915899 0.560695 0.118405 0.075757
11 0.097549 0.079342 0.084571 0.096309
3 0.555904 0.778987 0.055342 0.055801
9 0.220416 0.206146 0.060684 0.074435
3 0.779722 0.678286 0.061259 0.053728
8 0.314581 0.320873 0.075126 0.071638
3 0.792121 0.545608 0.062870 0.055297
9 0.216975 0.905264 0.061190 0.061306
7 0.082148 0.551964 0.118148 0.078757
0 0.672145 0.563623 0.065401 0.062580
