6 0.084518 0.665829 0.084028 0.061458
5 0.914618 0.092643 0.084735 0.095404
9 0.212354 0.094711 0.060552 0.075925
9 0.214655 0.784715 0.058567 0.053180
3 0.681138 0.081187 0.056455 0.076901
3 0.774492 0.878835 0.061779 0.055962
6 0.324902 0.557208 0.065553 0.064275
11 0.087860 0.908244 0.084096 0.080076
4 0.924431 0.428419 0.114411 0.085350
0 0.905067 0.673274 0.084059 0.064171
10 0.077036 0.433023 0.110947 0.083179
9 0.207377 0.335174 0.058560 0.060768
3 0.557652 0.320555 0.054331 0.062459
9 0.211040 0.665077 0.061124 0.056471
5 0.905781 0.923806 0.083588 0.076654
1 0.915569 0.560197 0.118491 0.075511
9 0.425099 0.447153 0.055617 0.058389
2 0.926616 0.767846 0.112036 0.064088
3 0.779712 0.678144 0.060784 0.053491
0 0.913732 0.332902 0.082783 0.074237
9 0.215317 0.562440 0.061317 0.055911
3 0.555992 0.778729 0.055345 0.055787
9 0.220499 0.206215 0.060702 0.074167
11 0.098005 0.079006 0.083925 0.095796
3 0.788225 0.206483 0.060793 0.067824
7 0.082445 0.551723 0.119158 0.078806
9 0.217064 0.905250 0.061703 0.061620
3 0.787163 0.427388 0.062324 0.055526
2 0.917346 0.217534 0.096574 0.082695
3 0.792392 0.545699 0.062385 0.054770
8 0.075527 0.204140 0.101045 0.085150
8 0.102273 0.784091 0.062385 0.064275
