2 0.675430 0.325910 0.077969 0.073604
9 0.212093 0.093691 0.061550 0.077125
0 0.553120 0.672994 0.061027 0.060927
6 0.324592 0.557181 0.065548 0.064301
5 0.914325 0.092718 0.084522 0.095381
3 0.557870 0.320160 0.054369 0.063032
8 0.324248 0.670977 0.070122 0.062082
3 0.774344 0.878929 0.061603 0.055662
9 0.214281 0.784630 0.058233 0.052791
3 0.555770 0.779420 0.055633 0.055644
3 0.556840 0.449412 0.053619 0.055229
3 0.680879 0.081092 0.056493 0.077435
6 0.083873 0.665570 0.084438 0.060204
0 0.905118 0.673247 0.083704 0.064493
10 0.077228 0.433254 0.111912 0.084363
3 0.788470 0.206244 0.060310 0.068288
2 0.926214 0.767971 0.112179 0.064471
4 0.925101 0.428379 0.113293 0.085519
9 0.208809 0.336583 0.059601 0.063824
1 0.916043 0.560595 0.118445 0.075786
9 0.214885 0.561520 0.060473 0.055477
11 0.097878 0.079421 0.084507 0.096202
9 0.425071 0.446859 0.055453 0.057866
11 0.088132 0.908165 0.083991 0.079087
5 0.905520 0.923804 0.084203 0.076720
9 0.211093 0.665314 0.060724 0.056279
9 0.216950 0.905269 0.061032 0.060781
9 0.220350 0.206380 0.060467 0.074214
7 0.082020 0.551700 0.119581 0.078524
3 0.779547 0.678309 0.061489 0.054013
8 0.442706 0.091177 0.067743 0.084697
3 0.784091 0.556818 0.061603 0.064471
