6 0.083667 0.665636 0.083859 0.060513
9 0.211627 0.094220 0.062193 0.076644
8 0.324306 0.671229 0.070301 0.063192
6 0.324750 0.557038 0.065585 0.064661
0 0.905535 0.673556 0.084148 0.064439
5 0.914468 0.092762 0.084986 0.095844
3 0.557601 0.320149 0.054337 0.063204
3 0.774313 0.878943 0.061647 0.055773
10 0.077109 0.433652 0.112739 0.083824
2 0.675160 0.325777 0.077623 0.073679
4 0.924797 0.428142 0.113876 0.085432
3 0.788436 0.206078 0.060203 0.068510
3 0.555859 0.778984 0.053958 0.055138
9 0.214330 0.785016 0.058413 0.052989
2 0.926596 0.767658 0.112952 0.064506
1 0.915883 0.560387 0.118312 0.075758
9 0.209063 0.336666 0.060460 0.063444
5 0.905917 0.923828 0.083768 0.076397
3 0.681019 0.080987 0.056502 0.077412
9 0.211137 0.665136 0.061006 0.055948
3 0.662476 0.445314 0.054164 0.055534
8 0.314523 0.321354 0.074759 0.071469
9 0.220329 0.206184 0.061279 0.074697
3 0.779724 0.678250 0.061133 0.053865
9 0.425187 0.446833 0.055598 0.057791
9 0.214804 0.561634 0.061139 0.055698
11 0.097805 0.079099 0.084730 0.096118
11 0.088179 0.908412 0.084406 0.079944
7 0.081934 0.551587 0.119644 0.078606
9 0.216929 0.905383 0.061485 0.061394
0 0.671936 0.563420 0.065316 0.062879
3 0.792301 0.545860 0.063501 0.056205
