9 0.211729 0.093451 0.061251 0.077794
3 0.557681 0.320522 0.054518 0.063153
0 0.553275 0.673014 0.061206 0.060966
6 0.084125 0.665388 0.084091 0.060234
6 0.324784 0.557061 0.065709 0.064381
3 0.774331 0.878950 0.061616 0.055827
3 0.555641 0.779258 0.055976 0.056263
10 0.076917 0.433028 0.111974 0.083721
3 0.556886 0.449534 0.053663 0.055456
5 0.914528 0.092830 0.084945 0.095950
0 0.905414 0.673664 0.083647 0.064241
3 0.788311 0.206180 0.060508 0.068521
3 0.681041 0.081102 0.056927 0.077492
9 0.208630 0.336585 0.060351 0.063988
11 0.088251 0.908141 0.083866 0.079726
11 0.097758 0.079241 0.084400 0.095762
9 0.214267 0.784937 0.058812 0.052926
4 0.924793 0.428454 0.114000 0.085306
9 0.210668 0.665230 0.061173 0.056126
2 0.926324 0.767886 0.112310 0.064491
1 0.916043 0.560629 0.118810 0.076202
9 0.214899 0.561579 0.060522 0.054775
9 0.425239 0.446842 0.055667 0.057706
9 0.220405 0.206209 0.060534 0.074633
3 0.779589 0.678248 0.061282 0.054073
9 0.217138 0.905206 0.061341 0.060732
7 0.082254 0.551909 0.117737 0.078987
5 0.905897 0.923757 0.084126 0.077067
8 0.328475 0.671944 0.065307 0.066076
3 0.792306 0.545800 0.063176 0.056446
8 0.443182 0.102273 0.061616 0.064381
2 0.670455 0.329545 0.061616 0.064381
