9 0.212137 0.094575 0.061501 0.076673
8 0.323974 0.671632 0.070326 0.063804
6 0.083787 0.665343 0.084298 0.060749
3 0.774234 0.878822 0.061725 0.055736
6 0.324759 0.556976 0.065489 0.064370
3 0.558072 0.320179 0.054077 0.062691
10 0.077545 0.433277 0.112538 0.083830
5 0.914389 0.092623 0.085115 0.095929
3 0.681146 0.081010 0.056330 0.077592
3 0.788564 0.205994 0.059986 0.068736
0 0.905398 0.673508 0.083571 0.063737
4 0.924764 0.428078 0.113699 0.085474
9 0.210941 0.665071 0.061298 0.055961
2 0.926773 0.767952 0.112755 0.064400
9 0.208985 0.336646 0.060760 0.063589
3 0.555692 0.779127 0.054231 0.055329
2 0.675278 0.325786 0.078046 0.073611
3 0.779624 0.678356 0.061138 0.053835
8 0.314921 0.321645 0.074083 0.070472
9 0.216918 0.905393 0.061332 0.060725
1 0.915854 0.560333 0.118431 0.075668
9 0.214220 0.785045 0.059009 0.053525
9 0.214968 0.561710 0.060513 0.055036
9 0.220420 0.206311 0.060866 0.074253
5 0.905923 0.924007 0.084198 0.077124
3 0.662010 0.445251 0.054454 0.056090
9 0.425162 0.446725 0.055283 0.057656
11 0.097857 0.079234 0.084424 0.095513
11 0.087829 0.908283 0.084421 0.079939
7 0.082016 0.551976 0.118026 0.079148
3 0.792386 0.545260 0.062751 0.055491
0 0.672037 0.563378 0.065511 0.062791
