2 0.675286 0.325918 0.077706 0.073329
9 0.211873 0.093729 0.061666 0.078498
8 0.324298 0.670935 0.069604 0.062378
0 0.553266 0.673031 0.060908 0.060971
6 0.324745 0.557078 0.065492 0.064168
5 0.914344 0.092470 0.085015 0.095621
3 0.774474 0.879060 0.061461 0.055599
3 0.557816 0.320213 0.054358 0.063318
3 0.555854 0.779231 0.055885 0.056350
3 0.681068 0.080849 0.056462 0.077525
3 0.556866 0.449298 0.053782 0.055191
10 0.077233 0.433370 0.112082 0.084126
4 0.924944 0.428457 0.113681 0.085635
0 0.905258 0.673422 0.083736 0.064327
9 0.207831 0.334793 0.059494 0.061400
6 0.084454 0.665438 0.083801 0.060830
3 0.788279 0.206165 0.060410 0.068621
2 0.926479 0.767850 0.111956 0.064510
11 0.097899 0.079436 0.084553 0.095871
5 0.905999 0.923881 0.083592 0.076367
9 0.425084 0.447046 0.055439 0.057902
9 0.210903 0.665301 0.060873 0.055731
9 0.214662 0.784958 0.058702 0.053059
1 0.915739 0.560600 0.118717 0.075736
11 0.088336 0.908089 0.084660 0.079770
9 0.220477 0.206216 0.060653 0.074232
9 0.215084 0.561897 0.060563 0.055265
7 0.082324 0.551923 0.117869 0.079152
3 0.779461 0.678402 0.061104 0.053785
9 0.217226 0.905225 0.061090 0.060731
8 0.442499 0.090532 0.067862 0.086148
3 0.792425 0.545602 0.062732 0.054586
