9 0.211913 0.093688 0.062019 0.077177
6 0.324789 0.557095 0.065355 0.064261
0 0.553102 0.672843 0.061018 0.060820
3 0.774233 0.878849 0.061566 0.055644
3 0.556890 0.449441 0.053761 0.055283
3 0.555708 0.779052 0.055912 0.056245
3 0.557855 0.320397 0.054018 0.063207
8 0.324504 0.671699 0.070029 0.063583
5 0.914266 0.092776 0.084685 0.095673
3 0.681140 0.081165 0.056745 0.077044
6 0.083105 0.665477 0.085931 0.060459
3 0.788468 0.206258 0.060251 0.068508
2 0.926459 0.767880 0.112538 0.064632
9 0.208617 0.336412 0.060393 0.064154
2 0.675268 0.325948 0.077403 0.073242
11 0.097373 0.079416 0.085305 0.096072
4 0.924537 0.428427 0.114322 0.085666
10 0.077147 0.433192 0.112047 0.083916
9 0.214319 0.784913 0.058760 0.053056
9 0.210968 0.665077 0.060981 0.055900
0 0.905277 0.673524 0.083798 0.064292
5 0.905610 0.923778 0.083668 0.076574
9 0.215054 0.561467 0.060684 0.054836
9 0.425178 0.446548 0.055659 0.057319
1 0.916031 0.560763 0.118807 0.076219
9 0.216867 0.905162 0.061118 0.060563
11 0.087911 0.908109 0.083923 0.080189
9 0.220530 0.206345 0.060698 0.074023
7 0.082359 0.552046 0.117197 0.078971
3 0.779423 0.678279 0.061175 0.053698
8 0.442743 0.089929 0.068373 0.087524
3 0.792418 0.545824 0.062602 0.054809
