6 0.083365 0.665798 0.085807 0.061436
9 0.212136 0.093914 0.061124 0.077547
8 0.324356 0.671749 0.071039 0.064004
3 0.774594 0.878795 0.061457 0.055714
5 0.914904 0.092897 0.084806 0.095501
9 0.214598 0.784574 0.057963 0.052806
4 0.924733 0.428531 0.114700 0.085717
10 0.077662 0.432912 0.112094 0.083662
3 0.557863 0.320601 0.054686 0.063104
0 0.905210 0.673633 0.083344 0.063884
9 0.208155 0.335374 0.059667 0.061737
9 0.425363 0.446696 0.055741 0.057856
11 0.097848 0.078865 0.085453 0.096793
8 0.315191 0.322141 0.074623 0.070811
9 0.215189 0.561537 0.061105 0.055150
3 0.779845 0.678116 0.060843 0.053748
11 0.088378 0.908176 0.083954 0.079174
6 0.325001 0.556970 0.065496 0.064125
3 0.681215 0.081121 0.056771 0.077242
2 0.926861 0.767803 0.112292 0.063889
1 0.915529 0.560438 0.118260 0.075608
3 0.555910 0.778834 0.054953 0.055191
9 0.220514 0.206287 0.060535 0.074635
0 0.914040 0.332893 0.082376 0.073514
7 0.082123 0.551601 0.119642 0.078462
9 0.211386 0.665005 0.061246 0.056259
9 0.217162 0.905156 0.061358 0.061582
2 0.917517 0.217782 0.096058 0.082345
5 0.906099 0.923881 0.083130 0.076640
3 0.787411 0.427267 0.062294 0.055409
3 0.788613 0.206388 0.060353 0.067957
3 0.792342 0.545850 0.062637 0.054503
