9 0.211717 0.093472 0.061815 0.077767
3 0.681033 0.081058 0.056569 0.077291
0 0.553132 0.672873 0.061090 0.060948
6 0.324713 0.557116 0.065504 0.064223
3 0.557767 0.320423 0.054088 0.062768
3 0.774335 0.878980 0.061421 0.055602
5 0.914469 0.092905 0.084977 0.095898
3 0.556049 0.779257 0.056123 0.056013
3 0.788307 0.206146 0.060679 0.068521
10 0.077142 0.432881 0.111857 0.083647
0 0.905327 0.673446 0.084177 0.064489
6 0.083734 0.665056 0.084679 0.059736
9 0.214099 0.784809 0.058398 0.052835
3 0.556969 0.449336 0.053724 0.055580
9 0.207787 0.334885 0.059801 0.062291
2 0.926523 0.767990 0.112357 0.064546
4 0.924601 0.428529 0.114117 0.085450
1 0.916077 0.560665 0.118844 0.076114
11 0.097807 0.079422 0.084481 0.095422
11 0.088198 0.908048 0.083781 0.079449
5 0.905502 0.923911 0.083449 0.076441
9 0.210745 0.665248 0.060479 0.056012
9 0.214814 0.561345 0.060488 0.055059
9 0.425147 0.446611 0.055538 0.057830
9 0.220403 0.206209 0.060695 0.074535
9 0.216873 0.905085 0.061068 0.060465
2 0.668884 0.323697 0.067781 0.088080
7 0.082450 0.551925 0.117467 0.078943
3 0.779685 0.678394 0.061752 0.054160
8 0.445033 0.085114 0.065297 0.077888
3 0.792352 0.545391 0.062861 0.055916
8 0.329545 0.670455 0.061815 0.064489
