6 0.084366 0.665577 0.083540 0.060445
8 0.324897 0.671879 0.070241 0.064248
9 0.211938 0.094643 0.060858 0.076384
6 0.324884 0.557222 0.065824 0.064661
5 0.914387 0.093015 0.084772 0.095706
10 0.077418 0.433295 0.112679 0.083129
3 0.774268 0.879067 0.061521 0.055614
9 0.208909 0.336598 0.060997 0.063810
4 0.924313 0.428028 0.113670 0.085750
3 0.557828 0.320165 0.054246 0.062152
3 0.788485 0.206442 0.060316 0.068259
3 0.779664 0.678239 0.060982 0.053941
3 0.555666 0.779132 0.054450 0.055151
2 0.675018 0.325783 0.078064 0.073662
0 0.905190 0.673365 0.083836 0.064110
5 0.905743 0.923916 0.083534 0.076840
9 0.210946 0.665041 0.060696 0.055749
11 0.088166 0.908375 0.084105 0.079856
2 0.926625 0.767774 0.112805 0.064269
9 0.425189 0.446772 0.055666 0.058294
8 0.314684 0.321638 0.074507 0.071092
1 0.915744 0.560435 0.119124 0.076086
3 0.681143 0.081217 0.056516 0.077768
9 0.220522 0.206058 0.060653 0.074479
7 0.081968 0.551532 0.119648 0.078608
9 0.215147 0.562446 0.061559 0.057010
9 0.214533 0.785153 0.058664 0.053093
11 0.097713 0.079227 0.085078 0.096277
9 0.216814 0.905357 0.061366 0.061296
3 0.792609 0.545694 0.062485 0.054785
0 0.897727 0.329545 0.065824 0.064661
3 0.784091 0.443182 0.065824 0.064661
