9 0.212141 0.094308 0.060685 0.076760
3 0.681086 0.081198 0.056745 0.077089
6 0.324700 0.556965 0.065647 0.064266
5 0.914699 0.092947 0.085462 0.095807
0 0.553314 0.672783 0.061477 0.060979
3 0.557649 0.320404 0.054561 0.063108
3 0.774271 0.878680 0.062172 0.056129
3 0.556053 0.779107 0.056048 0.055789
10 0.077572 0.432956 0.112683 0.084902
3 0.788357 0.206305 0.060305 0.068198
3 0.556982 0.449248 0.053738 0.055122
9 0.214579 0.784691 0.058897 0.052622
11 0.087962 0.908152 0.084137 0.079654
6 0.083850 0.665550 0.085204 0.060588
9 0.210893 0.665075 0.060530 0.055942
4 0.924506 0.428231 0.114877 0.086007
9 0.215235 0.561143 0.061514 0.055546
2 0.926537 0.767731 0.112663 0.064483
11 0.097778 0.079273 0.084575 0.096091
9 0.207768 0.334848 0.060069 0.061787
5 0.906050 0.923315 0.084355 0.076593
0 0.905525 0.673095 0.084511 0.063973
1 0.915690 0.560508 0.119448 0.076298
9 0.425132 0.446830 0.055617 0.057691
9 0.220290 0.206303 0.060739 0.074241
7 0.081873 0.551600 0.119595 0.078442
3 0.779808 0.678158 0.061522 0.053981
9 0.216947 0.905143 0.061413 0.061354
8 0.443182 0.102273 0.061522 0.064266
2 0.670455 0.329545 0.061522 0.064266
3 0.784091 0.556818 0.061522 0.064266
8 0.329545 0.670455 0.061522 0.064266
