9 0.211879 0.094244 0.060828 0.077281
5 0.914805 0.092622 0.084588 0.095372
6 0.083979 0.665505 0.084271 0.061496
3 0.774516 0.879012 0.061301 0.055696
10 0.077422 0.433158 0.111046 0.083176
11 0.087905 0.908246 0.083571 0.079499
6 0.324855 0.556993 0.065615 0.064317
4 0.924513 0.428509 0.114692 0.085254
9 0.214419 0.784931 0.058654 0.053778
3 0.557715 0.320869 0.054476 0.061418
3 0.779645 0.678300 0.060992 0.053693
0 0.905528 0.673699 0.084239 0.063779
9 0.208922 0.336858 0.059973 0.062886
2 0.917271 0.217932 0.096961 0.082613
3 0.788325 0.206488 0.060470 0.067766
2 0.926521 0.767923 0.112092 0.064146
3 0.555729 0.779047 0.054597 0.055153
3 0.680989 0.081427 0.056817 0.077167
1 0.915493 0.560508 0.118811 0.075912
0 0.913743 0.333070 0.082290 0.074156
9 0.211149 0.665038 0.060940 0.056636
9 0.425241 0.447122 0.055761 0.058239
5 0.905833 0.923835 0.083738 0.076548
11 0.097625 0.078731 0.085021 0.096587
9 0.220573 0.206434 0.060450 0.073761
9 0.217103 0.905125 0.061282 0.060781
7 0.082613 0.552013 0.116990 0.079018
3 0.787137 0.427288 0.062029 0.055485
9 0.214921 0.562800 0.061228 0.056817
3 0.792426 0.545638 0.062918 0.054910
8 0.102273 0.215909 0.062918 0.064317
8 0.102273 0.784091 0.062918 0.064317
