3 0.781412 0.096591 0.059015 0.079199
5 0.913888 0.091788 0.084477 0.097468
3 0.779083 0.677645 0.059772 0.053731
0 0.904991 0.672637 0.083241 0.063750
9 0.211774 0.095201 0.060993 0.075609
3 0.787357 0.205463 0.060180 0.069797
11 0.088667 0.907248 0.084701 0.076799
9 0.214324 0.784836 0.058853 0.052251
10 0.077390 0.431702 0.112079 0.085609
9 0.217190 0.904248 0.062567 0.058966
4 0.923660 0.425937 0.113158 0.088243
7 0.082508 0.550287 0.118565 0.081424
6 0.084272 0.665516 0.084884 0.061338
9 0.202112 0.438509 0.063556 0.061795
3 0.774136 0.877728 0.060948 0.055777
0 0.913133 0.330963 0.082580 0.077220
5 0.906056 0.922396 0.084495 0.074413
9 0.208326 0.336458 0.060340 0.063915
9 0.210697 0.664745 0.061881 0.055672
2 0.917610 0.216451 0.096059 0.084551
9 0.214164 0.561674 0.061268 0.054308
3 0.791621 0.545450 0.061616 0.055787
11 0.097401 0.079188 0.085485 0.097010
1 0.915662 0.558630 0.118175 0.077673
2 0.926780 0.767556 0.113532 0.064078
8 0.076780 0.203865 0.097705 0.085221
9 0.219943 0.206153 0.060976 0.075627
6 0.102273 0.329545 0.082580 0.074413
3 0.784091 0.329545 0.082580 0.074413
3 0.784091 0.443182 0.082580 0.074413
8 0.102273 0.784091 0.082580 0.074413
3 0.784091 0.784091 0.082580 0.074413
