3 0.557995 0.320327 0.054591 0.062703
5 0.915019 0.092777 0.084863 0.095844
9 0.212176 0.094450 0.060587 0.077773
6 0.083593 0.665714 0.084951 0.061804
3 0.779817 0.678281 0.060799 0.053779
4 0.924576 0.428437 0.114524 0.085825
3 0.774415 0.878664 0.061253 0.056122
11 0.088086 0.908399 0.083876 0.079915
10 0.077351 0.433356 0.111334 0.082797
9 0.214470 0.784859 0.058417 0.053501
5 0.905901 0.923796 0.083051 0.076536
0 0.905390 0.673759 0.083620 0.063876
2 0.926609 0.767853 0.111559 0.063926
1 0.915693 0.560327 0.118711 0.075685
9 0.207817 0.335470 0.060070 0.061945
3 0.555961 0.778942 0.054379 0.055267
0 0.913983 0.332875 0.082617 0.074450
3 0.681226 0.081513 0.056517 0.077268
9 0.211064 0.665034 0.061102 0.056229
7 0.082475 0.552055 0.117728 0.079083
3 0.788438 0.206684 0.060745 0.067735
9 0.217186 0.905241 0.061653 0.061347
2 0.917129 0.217495 0.096305 0.083211
11 0.097934 0.078904 0.084903 0.096672
3 0.787325 0.427389 0.062506 0.055545
9 0.202982 0.440035 0.063234 0.060287
9 0.220734 0.206496 0.060531 0.073932
9 0.214767 0.563145 0.060439 0.055325
3 0.792477 0.545916 0.062783 0.054447
8 0.102273 0.215909 0.062783 0.063926
6 0.102273 0.329545 0.062783 0.063926
8 0.102273 0.784091 0.062783 0.063926
