5 0.914717 0.092760 0.084676 0.095080
9 0.212180 0.094566 0.060394 0.076451
3 0.557826 0.320379 0.054173 0.062527
3 0.774661 0.878869 0.061295 0.055657
11 0.087857 0.908599 0.083397 0.079622
6 0.083598 0.665975 0.084988 0.062021
9 0.214507 0.784854 0.058782 0.053141
4 0.924778 0.428362 0.114337 0.085482
9 0.207492 0.335232 0.059826 0.061692
3 0.779775 0.677936 0.060832 0.053645
10 0.077315 0.433646 0.111071 0.084234
0 0.905412 0.673369 0.084293 0.064145
3 0.788468 0.206419 0.060570 0.067691
2 0.926485 0.767855 0.111784 0.064187
9 0.211063 0.664945 0.061103 0.056335
3 0.681257 0.081206 0.056359 0.077153
0 0.914027 0.332999 0.082788 0.074330
2 0.917256 0.217667 0.097081 0.082525
5 0.905919 0.923898 0.083245 0.076825
11 0.097622 0.078889 0.084865 0.096100
1 0.915795 0.560306 0.118716 0.075695
7 0.082447 0.551970 0.117434 0.079207
9 0.214753 0.563048 0.060158 0.055584
9 0.220599 0.206420 0.060410 0.073836
3 0.555820 0.778813 0.054419 0.055320
9 0.217086 0.905511 0.061881 0.061488
9 0.202807 0.440075 0.063155 0.060366
3 0.792290 0.545870 0.062785 0.054605
8 0.077189 0.775987 0.117330 0.067261
8 0.077090 0.203678 0.099560 0.085714
3 0.787190 0.427305 0.062314 0.055356
6 0.102273 0.329545 0.063155 0.067261
