9 0.212141 0.094340 0.060778 0.077796
5 0.914946 0.092823 0.084612 0.095348
6 0.083955 0.665712 0.084360 0.061655
3 0.774598 0.878666 0.061448 0.056133
11 0.087893 0.908325 0.083831 0.080006
4 0.924669 0.428239 0.114258 0.085459
6 0.324992 0.557110 0.065525 0.064370
0 0.905304 0.673319 0.083796 0.064092
9 0.214477 0.784685 0.058717 0.053200
10 0.077329 0.433498 0.111914 0.083809
3 0.557733 0.320786 0.054246 0.062534
9 0.207750 0.335125 0.059889 0.061532
2 0.917583 0.218060 0.096644 0.082177
3 0.779821 0.678019 0.060865 0.053728
5 0.905898 0.923599 0.083729 0.076761
3 0.681083 0.081286 0.056333 0.077136
9 0.425306 0.446558 0.055546 0.057691
0 0.913864 0.333117 0.082756 0.074398
1 0.915639 0.560279 0.118944 0.075732
2 0.926898 0.767711 0.112397 0.063942
3 0.555821 0.778762 0.054874 0.055446
3 0.788462 0.206460 0.060614 0.067546
9 0.217042 0.905235 0.061289 0.061576
9 0.220697 0.206587 0.060376 0.073508
7 0.082629 0.552078 0.117617 0.079208
9 0.211239 0.664828 0.060978 0.056367
3 0.792499 0.545513 0.062720 0.054599
9 0.214482 0.562081 0.060654 0.054863
11 0.097903 0.078903 0.084715 0.096657
3 0.787471 0.427310 0.061971 0.055281
8 0.102273 0.215909 0.062720 0.064370
8 0.102273 0.784091 0.062720 0.064370
