9 0.211893 0.093620 0.061379 0.078125
6 0.084273 0.665859 0.084348 0.062341
8 0.324468 0.671700 0.071262 0.063580
5 0.914653 0.092674 0.084990 0.095772
3 0.774411 0.878907 0.061292 0.055728
10 0.077773 0.433041 0.112195 0.083260
4 0.924578 0.428406 0.114826 0.085663
2 0.675259 0.325744 0.078210 0.073423
6 0.325046 0.557200 0.065545 0.064151
5 0.905947 0.923761 0.083479 0.076656
3 0.788389 0.206469 0.060407 0.068507
9 0.209444 0.336935 0.060748 0.063251
9 0.214644 0.784741 0.058451 0.052954
3 0.557956 0.320420 0.054655 0.062923
3 0.681303 0.081147 0.056499 0.077754
8 0.315069 0.321971 0.074457 0.071383
2 0.926563 0.767929 0.112069 0.063803
9 0.425428 0.446880 0.055611 0.057990
3 0.779788 0.678140 0.060918 0.053787
0 0.905245 0.673290 0.083870 0.063612
11 0.097556 0.078989 0.085618 0.096131
9 0.220656 0.206366 0.060669 0.074471
9 0.211257 0.665153 0.061085 0.056209
7 0.082408 0.551607 0.119697 0.078549
9 0.214896 0.562810 0.060883 0.056507
1 0.915532 0.560368 0.118977 0.075727
3 0.555832 0.778959 0.054488 0.055054
11 0.088717 0.908103 0.084373 0.079260
9 0.217234 0.905396 0.061571 0.061376
3 0.787316 0.427587 0.062424 0.055436
0 0.897727 0.329545 0.065545 0.064151
3 0.784091 0.556818 0.065545 0.064151
