2 0.675053 0.325743 0.077473 0.073687
9 0.211682 0.093523 0.061984 0.077924
6 0.083267 0.665671 0.085317 0.061011
6 0.324637 0.557088 0.065272 0.063928
8 0.323865 0.671592 0.070626 0.063272
3 0.774339 0.878881 0.061604 0.055959
9 0.214027 0.784444 0.058447 0.052430
3 0.556668 0.449513 0.053717 0.054903
3 0.681028 0.081201 0.056557 0.077067
3 0.557613 0.320339 0.054056 0.062121
5 0.914239 0.093081 0.084956 0.095846
4 0.924672 0.428275 0.114166 0.085288
11 0.088098 0.908242 0.083921 0.079682
5 0.905510 0.924015 0.083780 0.076532
0 0.904928 0.673291 0.084182 0.064587
10 0.076939 0.433369 0.111968 0.084000
9 0.208479 0.336701 0.059723 0.063080
2 0.926617 0.767956 0.112668 0.064561
9 0.210898 0.665122 0.060839 0.055867
3 0.779509 0.678470 0.061444 0.053678
3 0.788419 0.206176 0.060455 0.068334
11 0.097564 0.078989 0.084999 0.096323
1 0.915508 0.560572 0.118214 0.075992
9 0.425045 0.446909 0.055427 0.057678
9 0.214884 0.561778 0.060952 0.055162
3 0.555519 0.779091 0.054558 0.055801
9 0.220301 0.206267 0.060905 0.073995
8 0.442469 0.090480 0.068434 0.087053
7 0.081848 0.551937 0.117926 0.078853
9 0.216759 0.905316 0.061005 0.060911
3 0.792444 0.545641 0.062702 0.054900
0 0.670455 0.556818 0.062702 0.064561
