3 0.781241 0.097047 0.059401 0.079088
3 0.779184 0.677769 0.059715 0.053614
9 0.211791 0.095380 0.060682 0.074956
0 0.905161 0.672734 0.083993 0.063571
6 0.083594 0.665325 0.086405 0.061267
3 0.787219 0.205349 0.060257 0.069683
5 0.913629 0.092045 0.084168 0.097095
11 0.088836 0.907160 0.084260 0.076922
3 0.774088 0.877637 0.061017 0.055668
9 0.214714 0.784974 0.059379 0.052280
10 0.077016 0.431226 0.111815 0.087181
4 0.923630 0.425934 0.113289 0.088588
7 0.082555 0.550248 0.118550 0.081266
9 0.217204 0.904140 0.062625 0.058575
9 0.201839 0.437486 0.063054 0.060904
9 0.210688 0.664619 0.061524 0.055518
9 0.208211 0.336108 0.060259 0.064830
5 0.906284 0.922381 0.084403 0.074256
0 0.912663 0.331004 0.082762 0.077976
1 0.915712 0.558749 0.118938 0.077834
9 0.214361 0.562385 0.061287 0.055590
9 0.220017 0.206072 0.061155 0.075759
3 0.791278 0.545565 0.061868 0.056077
11 0.097633 0.079228 0.085420 0.097544
2 0.926753 0.767540 0.113809 0.064133
2 0.917141 0.216765 0.095522 0.083349
8 0.077238 0.203364 0.097416 0.085249
6 0.086042 0.314644 0.081736 0.080323
3 0.780947 0.781089 0.061322 0.056524
3 0.784091 0.329545 0.081736 0.074256
3 0.784091 0.443182 0.081736 0.074256
8 0.102273 0.784091 0.081736 0.074256
