0 0.553042 0.672841 0.061314 0.061388
9 0.211713 0.093607 0.061211 0.076730
3 0.680910 0.081221 0.056708 0.077503
3 0.557696 0.320552 0.054258 0.062458
6 0.324733 0.556966 0.065541 0.064180
3 0.774362 0.878940 0.061566 0.055649
6 0.083516 0.665167 0.084493 0.059637
5 0.914471 0.092801 0.085031 0.095923
3 0.555689 0.779331 0.056151 0.056104
10 0.077316 0.433185 0.111845 0.083627
3 0.556783 0.449331 0.053757 0.055455
9 0.214134 0.784704 0.058214 0.052751
3 0.788280 0.206290 0.060567 0.068261
4 0.924565 0.428590 0.114207 0.085544
2 0.926267 0.767927 0.111948 0.064427
9 0.207413 0.334586 0.059444 0.061761
11 0.087977 0.907811 0.083392 0.079798
1 0.915768 0.560539 0.119098 0.075929
11 0.097791 0.079400 0.084525 0.095938
9 0.210735 0.664908 0.060730 0.055922
5 0.905789 0.924005 0.083971 0.076639
0 0.905156 0.673460 0.083883 0.064511
9 0.216944 0.905183 0.060896 0.060661
9 0.425014 0.446879 0.055610 0.057959
9 0.220368 0.205937 0.060844 0.074505
9 0.214965 0.562387 0.061136 0.057228
3 0.779569 0.678271 0.061395 0.054169
7 0.082291 0.551685 0.118816 0.078342
8 0.328444 0.672188 0.064918 0.066630
2 0.668786 0.323635 0.067743 0.087859
3 0.792240 0.545716 0.062850 0.054945
8 0.443182 0.102273 0.061566 0.064427
