9 0.211999 0.093508 0.061521 0.078097
6 0.324585 0.556873 0.065319 0.064277
3 0.557833 0.320016 0.053743 0.062718
3 0.774287 0.878836 0.061704 0.056032
5 0.914535 0.092939 0.085077 0.096096
0 0.553275 0.672852 0.061375 0.060907
3 0.555730 0.779102 0.056237 0.056139
9 0.214128 0.784504 0.058749 0.052666
9 0.214528 0.561031 0.060741 0.054996
6 0.083613 0.665617 0.084455 0.061087
10 0.077373 0.433076 0.112101 0.083929
3 0.556949 0.449276 0.053989 0.054911
3 0.680970 0.081093 0.056848 0.077446
3 0.788310 0.205994 0.060478 0.069127
0 0.905320 0.673173 0.084141 0.064298
4 0.924857 0.428183 0.114126 0.085914
9 0.210588 0.664935 0.060514 0.055657
9 0.208826 0.336468 0.060217 0.063697
11 0.097766 0.079488 0.084596 0.096046
2 0.926640 0.767899 0.112845 0.064463
11 0.087827 0.908069 0.084393 0.080176
1 0.916109 0.560356 0.118920 0.076227
9 0.424966 0.446661 0.055834 0.057854
9 0.216912 0.905075 0.061082 0.061051
5 0.905858 0.923499 0.084287 0.076297
9 0.220315 0.206185 0.060957 0.074396
7 0.082045 0.551787 0.119376 0.078394
3 0.779611 0.678210 0.061285 0.053968
8 0.444631 0.084192 0.065418 0.079413
2 0.670455 0.329545 0.061521 0.064298
3 0.784091 0.556818 0.061521 0.064298
8 0.329545 0.670455 0.061521 0.064298
