8 0.323928 0.671481 0.071041 0.063813
9 0.211655 0.093097 0.062211 0.078417
6 0.083832 0.665434 0.085076 0.060553
2 0.675303 0.325899 0.077621 0.073622
3 0.557948 0.320411 0.053860 0.063148
3 0.774336 0.878863 0.061667 0.055990
5 0.914146 0.092720 0.084431 0.095779
6 0.324544 0.557217 0.065486 0.064560
3 0.556909 0.449391 0.053921 0.055110
3 0.681074 0.080913 0.056538 0.077272
10 0.077316 0.433112 0.112176 0.083664
9 0.213907 0.784877 0.059138 0.053245
0 0.904706 0.673453 0.084035 0.063875
3 0.555849 0.779353 0.055798 0.056476
9 0.208584 0.336544 0.060314 0.064068
2 0.926702 0.767872 0.113068 0.064473
9 0.210837 0.665078 0.060766 0.055997
3 0.779491 0.678362 0.061289 0.053932
4 0.924703 0.428271 0.113913 0.085789
3 0.788516 0.206106 0.060312 0.068451
1 0.915803 0.560786 0.118467 0.076091
11 0.087567 0.908131 0.083900 0.080067
5 0.905618 0.923826 0.083779 0.076496
11 0.097685 0.079422 0.085170 0.095929
9 0.425005 0.446734 0.055120 0.057629
9 0.214815 0.561631 0.060881 0.055022
9 0.220339 0.206016 0.060762 0.074331
7 0.081806 0.551625 0.119562 0.078446
9 0.216905 0.905392 0.061125 0.060906
0 0.671923 0.563666 0.065834 0.063123
8 0.442710 0.092079 0.068514 0.084139
3 0.792243 0.545640 0.063057 0.054992
