3 0.781603 0.096835 0.059013 0.079463
0 0.905120 0.672865 0.083965 0.063305
9 0.211880 0.095456 0.060762 0.074696
3 0.778880 0.677604 0.060052 0.053539
9 0.214258 0.784891 0.059647 0.052532
11 0.088532 0.907040 0.084447 0.076866
3 0.787238 0.205258 0.059969 0.069434
6 0.083802 0.665450 0.085143 0.061257
5 0.913680 0.092034 0.084019 0.097166
9 0.217110 0.903986 0.062314 0.058860
3 0.773868 0.877550 0.061221 0.055772
9 0.210501 0.664580 0.061674 0.056106
10 0.077316 0.431213 0.111471 0.086943
7 0.082564 0.550159 0.118480 0.081423
4 0.923812 0.425817 0.112782 0.088745
9 0.201621 0.437434 0.063136 0.061038
9 0.207669 0.335004 0.060235 0.062194
2 0.926734 0.767286 0.113974 0.064145
11 0.097329 0.079029 0.085806 0.097624
1 0.915325 0.558545 0.118393 0.077493
0 0.912758 0.331058 0.082855 0.077589
9 0.214234 0.562601 0.061606 0.055985
2 0.917273 0.216778 0.095294 0.083576
9 0.220059 0.206063 0.061273 0.075787
3 0.791466 0.545545 0.062007 0.055679
5 0.905864 0.922363 0.084031 0.074079
8 0.076832 0.203746 0.097696 0.084320
6 0.085561 0.314339 0.082870 0.080686
3 0.779846 0.310308 0.058590 0.063968
3 0.784091 0.443182 0.082855 0.074079
8 0.102273 0.784091 0.082855 0.074079
3 0.784091 0.784091 0.082855 0.074079
