9 0.211636 0.093791 0.062063 0.077373
8 0.324090 0.671894 0.070605 0.064146
6 0.324638 0.557253 0.065481 0.064354
3 0.774259 0.879050 0.061847 0.055891
2 0.674919 0.325908 0.077212 0.073746
6 0.084315 0.665567 0.083874 0.060950
5 0.914454 0.092662 0.084857 0.095955
3 0.556918 0.449430 0.053685 0.055282
3 0.557732 0.320461 0.054608 0.062575
10 0.077209 0.433304 0.112518 0.083462
11 0.087913 0.908321 0.084291 0.079997
9 0.208538 0.336642 0.060389 0.063320
9 0.214346 0.784872 0.058923 0.053190
4 0.924576 0.428560 0.114345 0.085141
0 0.905212 0.673336 0.083731 0.063848
3 0.680849 0.081059 0.056601 0.077376
3 0.779560 0.678477 0.061033 0.053942
3 0.788261 0.206425 0.060432 0.068731
5 0.905636 0.923895 0.083724 0.076415
2 0.926683 0.768002 0.112658 0.064422
9 0.214765 0.561387 0.060472 0.055106
11 0.097495 0.079580 0.084770 0.095568
1 0.915564 0.560680 0.118274 0.075946
9 0.211126 0.665240 0.061161 0.056176
9 0.425241 0.447052 0.055524 0.058036
9 0.220442 0.206370 0.060835 0.074041
7 0.082000 0.551784 0.119671 0.078477
3 0.555979 0.779101 0.055493 0.056112
9 0.217103 0.905375 0.061198 0.061048
3 0.792364 0.545332 0.062863 0.055293
0 0.671778 0.563794 0.065832 0.063142
8 0.443182 0.102273 0.062863 0.064146
