9 0.212104 0.093552 0.061635 0.077509
6 0.084264 0.665336 0.083080 0.060459
3 0.557709 0.320319 0.054195 0.063004
6 0.324722 0.556786 0.065382 0.064252
0 0.553437 0.672806 0.061433 0.061181
3 0.774571 0.878745 0.061957 0.056081
3 0.681088 0.081241 0.056866 0.077601
10 0.077360 0.433283 0.112598 0.082948
3 0.557136 0.449236 0.053649 0.055369
3 0.555993 0.779114 0.055915 0.055833
3 0.788376 0.206085 0.060238 0.068633
5 0.914588 0.092885 0.085305 0.096158
9 0.214530 0.784775 0.059419 0.052911
9 0.207363 0.334623 0.059843 0.061539
0 0.905563 0.673403 0.085159 0.064446
2 0.926405 0.767704 0.112958 0.064816
11 0.097744 0.079482 0.084346 0.095680
4 0.925053 0.428294 0.113867 0.085435
5 0.906010 0.923637 0.084413 0.076375
11 0.087737 0.908117 0.084292 0.080114
1 0.916045 0.560441 0.119008 0.076324
9 0.425066 0.446742 0.055526 0.057788
9 0.210793 0.665250 0.060806 0.056079
9 0.215384 0.561544 0.060904 0.055548
9 0.217025 0.905207 0.061397 0.061539
7 0.082220 0.551989 0.117334 0.079129
3 0.779805 0.678137 0.061001 0.053893
9 0.220379 0.206599 0.060856 0.074478
8 0.328724 0.671674 0.065362 0.066054
2 0.669083 0.323478 0.067617 0.088125
8 0.443182 0.102273 0.061957 0.064816
3 0.784091 0.556818 0.061957 0.064816
