3 0.782362 0.097703 0.058966 0.077289
5 0.914837 0.092418 0.085145 0.096324
3 0.779757 0.678151 0.060574 0.053410
9 0.212244 0.094728 0.060412 0.076805
4 0.924385 0.428593 0.114934 0.085228
0 0.905230 0.673419 0.083554 0.063960
11 0.088076 0.908460 0.083723 0.079822
6 0.083972 0.666010 0.084631 0.061974
10 0.077109 0.433822 0.111151 0.083144
3 0.774249 0.878648 0.061086 0.056059
3 0.788465 0.206769 0.060799 0.067546
9 0.207882 0.335685 0.059961 0.061763
9 0.214707 0.785082 0.059027 0.053659
9 0.211113 0.665099 0.060985 0.056070
7 0.082694 0.552121 0.117440 0.079286
9 0.217163 0.905670 0.061650 0.061541
1 0.915400 0.560519 0.118988 0.075874
5 0.905823 0.924026 0.084030 0.077032
11 0.097601 0.078919 0.084902 0.096596
3 0.786993 0.427456 0.061835 0.055731
2 0.926707 0.767721 0.112136 0.063760
8 0.076615 0.203767 0.100977 0.084821
9 0.215239 0.563469 0.060727 0.056283
0 0.913967 0.333108 0.082870 0.073819
3 0.781301 0.781891 0.061821 0.056033
9 0.220563 0.206669 0.060595 0.073950
3 0.792196 0.546001 0.062015 0.054494
9 0.201914 0.439232 0.062969 0.059917
2 0.918246 0.216137 0.098460 0.083110
6 0.102273 0.329545 0.062969 0.067546
3 0.784091 0.329545 0.062969 0.067546
8 0.102273 0.784091 0.062969 0.067546
