9 0.212155 0.094744 0.060686 0.077248
5 0.915016 0.092877 0.084460 0.095810
3 0.779840 0.678186 0.060910 0.053308
9 0.214532 0.784713 0.058521 0.053142
6 0.084174 0.665902 0.084358 0.062205
11 0.088011 0.908639 0.083815 0.080389
3 0.774202 0.878419 0.061387 0.056279
4 0.924440 0.428613 0.115340 0.085773
0 0.905455 0.673691 0.083944 0.063947
3 0.788330 0.206762 0.060774 0.068010
10 0.077439 0.433286 0.110882 0.082879
9 0.207695 0.335261 0.060181 0.062480
2 0.916730 0.217716 0.096546 0.082270
9 0.217308 0.905260 0.061689 0.061353
3 0.681200 0.081231 0.056535 0.077516
0 0.913937 0.333112 0.082267 0.074175
11 0.097920 0.079006 0.084656 0.096204
1 0.915293 0.560449 0.118448 0.075650
3 0.787216 0.427538 0.061845 0.055199
9 0.214675 0.563406 0.059979 0.055454
9 0.211160 0.664955 0.060932 0.056240
9 0.220610 0.206378 0.060478 0.073626
7 0.082309 0.551709 0.119869 0.078594
5 0.906062 0.923941 0.083601 0.076450
3 0.792303 0.545827 0.062602 0.054823
8 0.077237 0.775908 0.117421 0.067154
9 0.202033 0.439206 0.063079 0.060282
2 0.926596 0.767778 0.111644 0.063319
8 0.076874 0.204630 0.100671 0.084951
6 0.102273 0.329545 0.082267 0.068010
3 0.784091 0.329545 0.082267 0.068010
3 0.784091 0.784091 0.082267 0.068010
