5 0.914988 0.092621 0.084755 0.095645
9 0.211935 0.094591 0.061684 0.076027
3 0.779634 0.678241 0.060919 0.053723
3 0.788323 0.206674 0.060720 0.067782
11 0.087668 0.908711 0.083935 0.079976
4 0.924511 0.428458 0.114768 0.085419
6 0.084015 0.666046 0.084461 0.061742
3 0.774195 0.878684 0.061133 0.056100
9 0.214549 0.785015 0.058639 0.053699
0 0.905131 0.673516 0.083723 0.063526
10 0.077279 0.433471 0.110885 0.083551
9 0.207669 0.335550 0.059631 0.061823
3 0.681196 0.081291 0.056996 0.077677
0 0.913755 0.333007 0.082452 0.073784
1 0.915519 0.560574 0.119087 0.075908
8 0.076093 0.203349 0.100801 0.085645
9 0.211113 0.664863 0.060889 0.055827
5 0.905798 0.923966 0.083924 0.076677
2 0.926535 0.767944 0.111713 0.063686
9 0.217103 0.905353 0.061558 0.061554
7 0.082539 0.551934 0.117537 0.078952
11 0.097912 0.078640 0.084451 0.096477
9 0.215017 0.563213 0.060352 0.055326
9 0.220600 0.206436 0.060350 0.073417
9 0.202106 0.439074 0.062929 0.059929
3 0.787201 0.427428 0.062042 0.055476
3 0.792163 0.546148 0.063002 0.054381
2 0.897727 0.215909 0.063002 0.067782
6 0.102273 0.329545 0.063002 0.067782
3 0.784091 0.329545 0.063002 0.067782
8 0.102273 0.784091 0.063002 0.067782
3 0.784091 0.784091 0.063002 0.067782
