3 0.781393 0.097004 0.058987 0.079001
5 0.913752 0.091946 0.084797 0.097137
3 0.779219 0.677872 0.060030 0.053451
0 0.905402 0.672928 0.083587 0.063553
9 0.214608 0.784599 0.059262 0.051980
3 0.787170 0.205381 0.060443 0.069825
9 0.211849 0.095279 0.060563 0.074889
6 0.084708 0.665383 0.084475 0.060939
11 0.088902 0.906808 0.084282 0.076355
10 0.077414 0.431433 0.111880 0.086551
7 0.082704 0.550038 0.118262 0.081376
4 0.923847 0.426045 0.113312 0.088607
9 0.210677 0.664302 0.061532 0.055770
0 0.913041 0.330993 0.082574 0.077443
3 0.774153 0.877664 0.061078 0.055908
9 0.207908 0.334547 0.059925 0.062893
9 0.202131 0.438624 0.063212 0.061576
9 0.214612 0.562385 0.061153 0.055532
1 0.915476 0.558657 0.118537 0.077854
9 0.217598 0.904035 0.062244 0.058902
5 0.906053 0.922654 0.084452 0.073775
9 0.220057 0.206144 0.061080 0.075984
3 0.791554 0.545804 0.062146 0.055332
2 0.917415 0.216524 0.096139 0.083633
6 0.086117 0.314481 0.081622 0.080558
8 0.077089 0.203461 0.098041 0.085973
11 0.097581 0.078901 0.085677 0.097471
2 0.926828 0.767461 0.113646 0.064023
3 0.780056 0.310842 0.058329 0.063325
3 0.786522 0.426607 0.061148 0.056893
8 0.102273 0.784091 0.081622 0.073775
3 0.784091 0.784091 0.081622 0.073775
