6 0.083949 0.665535 0.084913 0.061654
9 0.212321 0.094568 0.060954 0.077296
8 0.324273 0.671800 0.071157 0.063900
3 0.774388 0.878900 0.061681 0.055915
5 0.914895 0.093009 0.084632 0.094964
4 0.924600 0.428103 0.114383 0.085167
10 0.077868 0.433331 0.112180 0.084082
6 0.325087 0.557098 0.065764 0.064019
9 0.214778 0.784764 0.058714 0.053093
9 0.425534 0.446879 0.055533 0.058223
8 0.315166 0.321918 0.074481 0.071579
2 0.675531 0.325771 0.078176 0.073450
9 0.209566 0.336944 0.060796 0.063695
3 0.558005 0.320261 0.054381 0.062737
2 0.926798 0.767938 0.111930 0.063941
3 0.556161 0.778899 0.054562 0.055178
3 0.788551 0.206529 0.060641 0.068209
3 0.779931 0.678292 0.060792 0.053556
0 0.905535 0.673667 0.083282 0.063527
9 0.220713 0.206250 0.060927 0.074303
9 0.215290 0.561796 0.061040 0.055115
11 0.097842 0.078921 0.085520 0.096578
3 0.681507 0.081131 0.056491 0.077679
11 0.088684 0.908420 0.084542 0.079619
7 0.082508 0.551606 0.119334 0.078415
9 0.217355 0.905389 0.061266 0.061251
1 0.915595 0.560450 0.118982 0.075629
3 0.787462 0.427551 0.062184 0.055447
9 0.211392 0.665045 0.060945 0.055815
5 0.905862 0.923996 0.083464 0.076464
0 0.897727 0.329545 0.065764 0.064019
3 0.784091 0.556818 0.065764 0.064019
