9 0.211983 0.094877 0.060386 0.076526
5 0.915010 0.092680 0.084840 0.095851
4 0.924708 0.428589 0.115133 0.084977
11 0.088100 0.908282 0.083844 0.079486
9 0.214484 0.784839 0.058720 0.053366
6 0.084442 0.665996 0.083424 0.062067
10 0.077443 0.433505 0.110694 0.083979
3 0.774206 0.878593 0.061053 0.056115
3 0.788403 0.206734 0.060515 0.068021
3 0.779727 0.678279 0.061045 0.053644
9 0.207617 0.335438 0.059518 0.061712
2 0.926577 0.768033 0.111623 0.063525
0 0.905475 0.673369 0.084171 0.063994
0 0.914188 0.333029 0.081958 0.073519
9 0.217241 0.905106 0.061364 0.061636
3 0.681193 0.081327 0.056761 0.077326
1 0.915459 0.560582 0.119066 0.075742
8 0.076248 0.203752 0.101240 0.085904
7 0.082409 0.551951 0.118059 0.079299
5 0.905698 0.923912 0.083958 0.076777
11 0.097949 0.079171 0.084214 0.095839
9 0.211079 0.665033 0.060857 0.056338
9 0.215016 0.563481 0.060382 0.055460
3 0.787255 0.427414 0.061889 0.055696
9 0.220904 0.206777 0.059506 0.074069
3 0.792355 0.546042 0.062689 0.053946
9 0.202022 0.439202 0.063157 0.060689
3 0.781552 0.782043 0.061815 0.055819
3 0.780674 0.312119 0.059510 0.062484
2 0.916832 0.217800 0.096949 0.082709
6 0.102273 0.329545 0.063157 0.068021
8 0.102273 0.784091 0.063157 0.068021
