2 0.675043 0.325942 0.078102 0.073452
9 0.212100 0.094348 0.061602 0.077885
5 0.914533 0.092959 0.084884 0.095668
6 0.083973 0.665340 0.083467 0.060827
6 0.324724 0.557066 0.065496 0.064641
10 0.077485 0.433709 0.112936 0.083816
8 0.324880 0.671428 0.071003 0.063727
3 0.774227 0.878875 0.061710 0.055723
3 0.557990 0.320276 0.053625 0.062509
0 0.905354 0.673631 0.084185 0.063589
9 0.209210 0.336959 0.060957 0.064523
3 0.681083 0.081170 0.056629 0.077527
3 0.788469 0.206128 0.060633 0.068630
4 0.924479 0.428113 0.113461 0.085978
2 0.926422 0.767902 0.112315 0.064408
9 0.214516 0.784945 0.058592 0.053260
11 0.097993 0.079261 0.084411 0.096156
8 0.314790 0.321577 0.074293 0.070987
5 0.905617 0.924022 0.083667 0.076488
9 0.211077 0.664972 0.061356 0.055894
9 0.425087 0.446836 0.055727 0.058091
9 0.220613 0.206166 0.060965 0.074305
1 0.915566 0.560355 0.118980 0.076190
11 0.087979 0.908181 0.084607 0.079690
9 0.214990 0.562704 0.061175 0.056944
7 0.082103 0.551549 0.119398 0.078647
3 0.779608 0.678355 0.061340 0.053983
3 0.555565 0.779114 0.054485 0.055430
9 0.216934 0.905193 0.061177 0.060658
3 0.792389 0.545630 0.062377 0.054623
0 0.897727 0.329545 0.065496 0.064641
3 0.784091 0.443182 0.065496 0.064641
