9 0.211886 0.093968 0.060900 0.076769
6 0.324667 0.556942 0.065316 0.064442
3 0.774498 0.878729 0.061634 0.056223
3 0.557740 0.320462 0.053936 0.062469
3 0.681101 0.081315 0.056813 0.077288
5 0.914592 0.093068 0.085458 0.095909
9 0.214297 0.784624 0.059019 0.053164
0 0.553331 0.672925 0.061316 0.060923
3 0.555938 0.779189 0.056006 0.055815
10 0.077475 0.432667 0.112153 0.084468
3 0.556923 0.449189 0.053682 0.055148
3 0.788344 0.206138 0.060369 0.068435
11 0.097988 0.079538 0.084420 0.095371
4 0.924929 0.428468 0.114106 0.085821
0 0.905596 0.673224 0.084745 0.064231
6 0.083823 0.665263 0.084295 0.060241
11 0.087868 0.908121 0.084107 0.080402
9 0.208945 0.336539 0.059793 0.063370
2 0.926311 0.767711 0.112411 0.064373
9 0.210775 0.665115 0.060973 0.056280
9 0.425216 0.446813 0.055512 0.057599
3 0.779733 0.678163 0.061149 0.054158
1 0.916239 0.560526 0.119591 0.076200
5 0.905860 0.923530 0.084407 0.076515
9 0.220384 0.206423 0.061100 0.074224
7 0.082010 0.551522 0.119249 0.078563
9 0.217035 0.905201 0.061213 0.060999
9 0.215321 0.561695 0.061335 0.055743
2 0.669040 0.323365 0.067992 0.088520
8 0.443182 0.102273 0.061335 0.064373
3 0.784091 0.556818 0.061335 0.064373
8 0.329545 0.670455 0.061335 0.064373
