9 0.212048 0.093559 0.061407 0.077957
6 0.082676 0.665523 0.086279 0.060421
3 0.681090 0.081087 0.056692 0.077067
3 0.557677 0.320248 0.054361 0.063097
0 0.553234 0.672874 0.061299 0.061203
3 0.774230 0.878782 0.062071 0.056334
6 0.324680 0.556847 0.065378 0.064334
3 0.555700 0.779315 0.056213 0.055660
5 0.914749 0.092659 0.085363 0.096357
10 0.077354 0.433206 0.112568 0.083311
9 0.214037 0.784749 0.058730 0.052419
3 0.556982 0.449388 0.053845 0.055035
11 0.087766 0.907952 0.084057 0.079748
3 0.788517 0.206074 0.060062 0.068417
11 0.097787 0.079030 0.084704 0.096103
0 0.905618 0.673492 0.084597 0.064556
2 0.926553 0.767889 0.112914 0.064478
9 0.210629 0.665203 0.060296 0.056059
3 0.779764 0.678090 0.061090 0.053907
9 0.207868 0.334703 0.059320 0.062239
4 0.924879 0.428424 0.114499 0.086235
9 0.425107 0.446796 0.055306 0.057560
1 0.915980 0.560537 0.119217 0.076297
9 0.216974 0.905109 0.061075 0.060959
9 0.215181 0.562470 0.061360 0.057139
9 0.220168 0.206306 0.060825 0.074630
7 0.082050 0.551867 0.117827 0.079099
5 0.905704 0.923749 0.084341 0.076631
8 0.328257 0.671817 0.065205 0.065849
2 0.668954 0.323310 0.067684 0.088372
3 0.792354 0.545249 0.062876 0.055098
8 0.443182 0.102273 0.062071 0.064478
